t	f	
0.000000	0.000000	
0.000010	1.991874	
0.000020	3.686060	
0.000030	5.087692	
0.000040	6.203746	
0.000050	7.042830	
0.000060	7.614519	
0.000070	7.928805	
0.000080	8.001054	
0.000090	7.831239	
0.000100	7.472473	
0.000110	6.927126	
0.000120	6.213767	
0.000130	5.354116	
0.000140	4.371105	
0.000150	3.288212	
0.000160	2.129826	
0.000170	0.920272	
0.000180	-0.316256	
0.000190	-1.555958	
0.000200	-2.775843	
0.000210	-3.954011	
0.000220	-5.069836	
0.000230	-6.104390	
0.000240	-7.040707	
0.000250	-7.863752	
0.000260	-8.560701	
0.000270	-9.121105	
0.000280	-9.536910	
0.000290	-9.801036	
0.000300	-9.912256	
0.000310	-9.864347	
0.000320	-9.672824	
0.000330	-9.336709	
0.000340	-8.864298	
0.000350	-8.263003	
0.000360	-7.543878	
0.000370	-6.719766	
0.000380	-5.805068	
0.000390	-4.815362	
0.000400	-3.767166	
0.000410	-2.677894	
0.000420	-1.565271	
0.000430	-0.447134	
0.000440	0.658873	
0.000450	1.735577	
0.000460	2.766459	
0.000470	3.736173	
0.000480	4.630369	
0.000490	5.436220	
0.000500	6.142430	
0.000510	6.739457	
0.000520	7.219538	
0.000530	7.576926	
0.000540	7.806383	
0.000550	7.907891	
0.000560	7.868027	
0.000570	7.717675	
0.000580	7.448051	
0.000590	7.066360	
0.000600	6.578874	
0.000610	5.994929	
0.000620	5.325293	
0.000630	4.581950	
0.000640	3.777854	
0.000650	2.926710	
0.000660	2.042769	
0.000670	1.140577	
0.000680	0.234728	
0.000690	-0.660359	
0.000700	-1.530659	
0.000710	-2.362728	
0.000720	-3.144050	
0.000730	-3.863052	
0.000740	-4.509356	
0.000750	-5.073804	
0.000760	-5.548735	
0.000770	-5.928025	
0.000780	-6.205550	
0.000790	-6.380160	
0.000800	-6.450584	
0.000810	-6.411322	
0.000820	-6.277300	
0.000830	-6.046648	
0.000840	-5.724211	
0.000850	-5.317924	
0.000860	-4.834031	
0.000870	-4.281388	
0.000880	-3.669828	
0.000890	-3.009988	
0.000900	-2.313073	
0.000910	-1.590722	
0.000920	-0.854794	
0.000930	-0.117163	
0.000940	0.610451	
0.000950	1.316673	
0.000960	1.990706	
0.000970	2.622352	
0.000980	3.202273	
0.000990	3.722097	
0.001000	4.174545	
0.001010	4.553484	
0.001020	4.854025	
0.001030	5.071246	
0.001040	5.204472	
0.001050	5.252817	
0.001060	5.209094	
0.001070	5.091640	
0.001080	4.895953	
0.001090	4.626119	
0.001100	4.288793	
0.001110	3.889057	
0.001120	3.434214	
0.001130	2.932322	
0.001140	2.392086	
0.001150	1.822659	
0.001160	1.233525	
0.001170	0.634355	
0.001180	0.034797	
0.001190	-0.555646	
0.001200	-1.127761	
0.001210	-1.672773	
0.001220	-2.182491	
0.001230	-2.649409	
0.001240	-3.066790	
0.001250	-3.428793	
0.001260	-3.730532	
0.001270	-3.968185	
0.001280	-4.137766	
0.001290	-4.238896	
0.001300	-4.270846	
0.001310	-4.229934	
0.001320	-4.128149	
0.001330	-3.962424	
0.001340	-3.736849	
0.001350	-3.457034	
0.001360	-3.127067	
0.001370	-2.752947	
0.001380	-2.341287	
0.001390	-1.899200	
0.001400	-1.434162	
0.001410	-0.953923	
0.001420	-0.466342	
0.001430	0.020738	
0.001440	0.499605	
0.001450	0.962786	
0.001460	1.403223	
0.001470	1.814299	
0.001480	2.189965	
0.001490	2.524820	
0.001500	2.814197	
0.001510	3.054240	
0.001520	3.240706	
0.001530	3.372696	
0.001540	3.448950	
0.001550	3.468870	
0.001560	3.431478	
0.001570	3.342656	
0.001580	3.202742	
0.001590	3.014590	
0.001600	2.782929	
0.001610	2.511032	
0.001620	2.203816	
0.001630	1.866698	
0.001640	1.505488	
0.001650	1.126282	
0.001660	0.735384	
0.001670	0.339189	
0.001680	-0.055941	
0.001690	-0.443761	
0.001700	-0.818222	
0.001710	-1.173644	
0.001720	-1.504695	
0.001730	-1.806518	
0.001740	-2.074799	
0.001750	-2.305810	
0.001760	-2.496467	
0.001770	-2.643275	
0.001780	-2.745712	
0.001790	-2.802811	
0.001800	-2.815037	
0.001810	-2.775565	
0.001820	-2.699202	
0.001830	-2.581711	
0.001840	-2.425455	
0.001850	-2.234410	
0.001860	-2.011165	
0.001870	-1.759744	
0.001880	-1.484572	
0.001890	-1.190378	
0.001900	-0.882113	
0.001910	-0.564904	
0.001920	-0.243929	
0.001930	0.075666	
0.001940	0.388837	
0.001950	0.690743	
0.001960	0.976788	
0.001970	1.242692	
0.001980	1.484559	
0.001990	1.698929	
0.002000	1.882832	
0.002010	2.033824	
0.002020	2.149039	
0.002030	2.228221	
0.002040	2.270630	
0.002050	2.276186	
0.002060	2.241537	
0.002070	2.176240	
0.002080	2.077880	
0.002090	1.948422	
0.002100	1.791216	
0.002110	1.608288	
0.002120	1.402923	
0.002130	1.178723	
0.002140	0.939533	
0.002150	0.689383	
0.002160	0.432417	
0.002170	0.172822	
0.002180	-0.085241	
0.002190	-0.337709	
0.002200	-0.580686	
0.002210	-0.810484	
0.002220	-1.023672	
0.002230	-1.217132	
0.002240	-1.388113	
0.002250	-1.534245	
0.002260	-1.652639	
0.002270	-1.742823	
0.002280	-1.803817	
0.002290	-1.835057	
0.002300	-1.836222	
0.002310	-1.805744	
0.002320	-1.750408	
0.002330	-1.668439	
0.002340	-1.561581	
0.002350	-1.432639	
0.002360	-1.283201	
0.002370	-1.115941	
0.002380	-0.933783	
0.002390	-0.739845	
0.002400	-0.537389	
0.002410	-0.329766	
0.002420	-0.120360	
0.002430	0.087480	
0.002440	0.290495	
0.002450	0.485563	
0.002460	0.669723	
0.002470	0.840231	
0.002480	0.994599	
0.002490	1.130630	
0.002500	1.246445	
0.002510	1.339831	
0.002520	1.410373	
0.002530	1.457316	
0.002540	1.480217	
0.002550	1.474665	
0.002560	1.448180	
0.002570	1.401648	
0.002580	1.333941	
0.002590	1.246385	
0.002600	1.141213	
0.002610	1.019782	
0.002620	0.884255	
0.002630	0.736995	
0.002640	0.580517	
0.002650	0.417449	
0.002660	0.250490	
0.002670	0.082353	
0.002680	-0.084280	
0.002690	-0.246794	
0.002700	-0.402701	
0.002710	-0.549639	
0.002720	-0.685422	
0.002730	-0.808070	
0.002740	-0.915843	
0.002750	-1.006643	
0.002760	-1.079917	
0.002770	-1.134795	
0.002780	-1.170687	
0.002790	-1.187232	
0.002800	-1.181584	
0.002810	-1.158751	
0.002820	-1.119810	
0.002830	-1.064021	
0.002840	-0.992457	
0.002850	-0.906493	
0.002860	-0.808185	
0.002870	-0.698763	
0.002880	-0.580130	
0.002890	-0.454308	
0.002900	-0.323407	
0.002910	-0.189590	
0.002920	-0.055024	
0.002930	0.078148	
0.002940	0.207839	
0.002950	0.332058	
0.002960	0.448933	
0.002970	0.556728	
0.002980	0.653888	
0.002990	0.739029	
0.003000	0.810448	
0.003010	0.867771	
0.003020	0.910317	
0.003030	0.937629	
0.003040	0.949397	
0.003050	0.943672	
0.003060	0.924155	
0.003070	0.891762	
0.003080	0.846016	
0.003090	0.787778	
0.003100	0.718159	
0.003110	0.638851	
0.003120	0.550801	
0.003130	0.455538	
0.003140	0.354682	
0.003150	0.249924	
0.003160	0.142989	
0.003170	0.035603	
0.003180	-0.070524	
0.003190	-0.173733	
0.003200	-0.272434	
0.003210	-0.365146	
0.003220	-0.450495	
0.003230	-0.527242	
0.003240	-0.593802	
0.003250	-0.649774	
0.003260	-0.694449	
0.003270	-0.727300	
0.003280	-0.747966	
0.003290	-0.756581	
0.003300	-0.750755	
0.003310	-0.734202	
0.003320	-0.707431	
0.003330	-0.670126	
0.003340	-0.622974	
0.003350	-0.566867	
0.003360	-0.503192	
0.003370	-0.432673	
0.003380	-0.356531	
0.003390	-0.276061	
0.003400	-0.192606	
0.003410	-0.107535	
0.003420	-0.022220	
0.003430	0.061985	
0.003440	0.143762	
0.003450	0.221854	
0.003460	0.295081	
0.003470	0.362368	
0.003480	0.422737	
0.003490	0.474905	
0.003500	0.518608	
0.003510	0.553295	
0.003520	0.578555	
0.003530	0.594103	
0.003540	0.599921	
0.003550	0.593712	
0.003560	0.579810	
0.003570	0.557923	
0.003580	0.527764	
0.003590	0.489893	
0.003600	0.445021	
0.003610	0.394281	
0.003620	0.338217	
0.003630	0.277798	
0.003640	0.214045	
0.003650	0.148017	
0.003660	0.080795	
0.003670	0.013461	
0.003680	-0.052916	
0.003690	-0.117300	
0.003700	-0.178702	
0.003710	-0.236194	
0.003720	-0.288926	
0.003730	-0.335716	
0.003740	-0.376329	
0.003750	-0.410231	
0.003760	-0.436996	
0.003770	-0.456304	
0.003780	-0.468013	
0.003790	-0.471867	
0.003800	-0.465789	
0.003810	-0.454284	
0.003820	-0.436920	
0.003830	-0.412863	
0.003840	-0.382779	
0.003850	-0.347252	
0.003860	-0.306951	
0.003870	-0.262607	
0.003880	-0.215146	
0.003890	-0.165129	
0.003900	-0.113388	
0.003910	-0.060767	
0.003920	-0.008113	
0.003930	0.043741	
0.003940	0.093985	
0.003950	0.141849	
0.003960	0.186353	
0.003970	0.227042	
0.003980	0.263351	
0.003990	0.294796	
0.004000	0.320976	
0.004010	0.341581	
0.004020	0.356384	
0.004030	0.365369	
0.004040	0.368095	
0.004050	0.363112	
0.004060	0.354400	
0.004070	0.340439	
0.004080	0.321427	
0.004090	0.297737	
0.004100	0.269825	
0.004110	0.238209	
0.004120	0.203462	
0.004130	0.166193	
0.004140	0.127040	
0.004150	0.086659	
0.004160	0.045709	
0.004170	0.004848	
0.004180	-0.035281	
0.004190	-0.074062	
0.004200	-0.110910	
0.004210	-0.145283	
0.004220	-0.176689	
0.004230	-0.204691	
0.004240	-0.228915	
0.004250	-0.249052	
0.004260	-0.264858	
0.004270	-0.276327	
0.004280	-0.282962	
0.004290	-0.284800	
0.004300	-0.280810	
0.004310	-0.273945	
0.004320	-0.262890	
0.004330	-0.248128	
0.004340	-0.229690	
0.004350	-0.208002	
0.004360	-0.183466	
0.004370	-0.156523	
0.004380	-0.127644	
0.004390	-0.097322	
0.004400	-0.066064	
0.004410	-0.034382	
0.004420	-0.002782	
0.004430	0.028238	
0.004440	0.058201	
0.004450	0.086656	
0.004460	0.113184	
0.004470	0.137404	
0.004480	0.158981	
0.004490	0.177623	
0.004500	0.193092	
0.004510	0.205331	
0.004520	0.213957	
0.004530	0.218848	
0.004540	0.219877	
0.004550	0.216700	
0.004560	0.211295	
0.004570	0.202675	
0.004580	0.191098	
0.004590	0.176838	
0.004600	0.160025	
0.004610	0.141027	
0.004620	0.120183	
0.004630	0.097857	
0.004640	0.074429	
0.004650	0.050290	
0.004660	0.025834	
0.004670	0.001454	
0.004680	-0.022469	
0.004690	-0.045565	
0.004700	-0.067488	
0.004710	-0.087913	
0.004720	-0.106548	
0.004730	-0.123133	
0.004740	-0.137445	
0.004750	-0.149376	
0.004760	-0.158642	
0.004770	-0.165117	
0.004780	-0.168822	
0.004790	-0.169428	
0.004800	-0.166909	
0.004810	-0.162651	
0.004820	-0.155889	
0.004830	-0.146844	
0.004840	-0.135749	
0.004850	-0.122784	
0.004860	-0.108166	
0.004870	-0.092085	
0.004880	-0.074872	
0.004890	-0.056821	
0.004900	-0.038231	
0.004910	-0.019406	
0.004920	-0.000648	
0.004930	0.017750	
0.004940	0.035505	
0.004950	0.052347	
0.004960	0.068031	
0.004970	0.082328	
0.004980	0.095099	
0.004990	0.106092	
0.005000	0.115151	
0.005010	0.122152	
0.005020	0.127079	
0.005030	0.129801	
0.005040	0.130067	
0.005050	0.128090	
0.005060	0.124733	
0.005070	0.119443	
0.005080	0.112478	
0.005090	0.103886	
0.005100	0.093875	
0.005110	0.082614	
0.005120	0.070288	
0.005130	0.057104	
0.005140	0.043275	
0.005150	0.029027	
0.005160	0.014592	
0.005170	0.000215	
0.005180	-0.013881	
0.005190	-0.027502	
0.005200	-0.040427	
0.005210	-0.052458	
0.005220	-0.063416	
0.005230	-0.073138	
0.005240	-0.081485	
0.005250	-0.088342	
0.005260	-0.093674	
0.005270	-0.097371	
0.005280	-0.099344	
0.005290	-0.099353	
0.005300	-0.097822	
0.005310	-0.095163	
0.005320	-0.091038	
0.005330	-0.085673	
0.005340	-0.079116	
0.005350	-0.071441	
0.005360	-0.062825	
0.005370	-0.053411	
0.005380	-0.043356	
0.005390	-0.032827	
0.005400	-0.021992	
0.005410	-0.011028	
0.005420	-0.000109	
0.005430	0.010595	
0.005440	0.020916	
0.005450	0.030695	
0.005460	0.039786	
0.005470	0.048053	
0.005480	0.055377	
0.005490	0.061655	
0.005500	0.066845	
0.005510	0.070844	
0.005520	0.073588	
0.005530	0.074994	
0.005540	0.075006	
0.005550	0.073855	
0.005560	0.071729	
0.005570	0.068549	
0.005580	0.064476	
0.005590	0.059526	
0.005600	0.053769	
0.005610	0.047300	
0.005620	0.040229	
0.005630	0.032665	
0.005640	0.024753	
0.005650	0.016621	
0.005660	0.008400	
0.005670	0.000220	
0.005680	-0.007791	
0.005690	-0.015507	
0.005700	-0.022812	
0.005710	-0.029597	
0.005720	-0.035786	
0.005730	-0.041274	
0.005740	-0.045984	
0.005750	-0.049851	
0.005760	-0.052816	
0.005770	-0.054826	
0.005780	-0.055804	
0.005790	-0.055837	
0.005800	-0.055004	
0.005810	-0.053345	
0.005820	-0.050915	
0.005830	-0.047869	
0.005840	-0.044194	
0.005850	-0.039935	
0.005860	-0.035157	
0.005870	-0.029938	
0.005880	-0.024365	
0.005890	-0.018530	
0.005900	-0.012529	
0.005910	-0.006458	
0.005920	-0.000414	
0.005930	0.005508	
0.005940	0.011216	
0.005950	0.016625	
0.005960	0.021652	
0.005970	0.026226	
0.005980	0.030279	
0.005990	0.033752	
0.006000	0.036596	
0.006010	0.038766	
0.006020	0.040214	
0.006030	0.040929	
0.006040	0.040988	
0.006050	0.040410	
0.006060	0.039223	
0.006070	0.037465	
0.006080	0.035197	
0.006090	0.032495	
0.006100	0.029378	
0.006110	0.025891	
0.006120	0.022088	
0.006130	0.018029	
0.006140	0.013782	
0.006150	0.009415	
0.006160	0.004998	
0.006170	0.000602	
0.006180	-0.003706	
0.006190	-0.007858	
0.006200	-0.011791	
0.006210	-0.015447	
0.006220	-0.018770	
0.006230	-0.021712	
0.006240	-0.024230	
0.006250	-0.026285	
0.006260	-0.027841	
0.006270	-0.028878	
0.006280	-0.029434	
0.006290	-0.029517	
0.006300	-0.029140	
0.006310	-0.028323	
0.006320	-0.027092	
0.006330	-0.025479	
0.006340	-0.023521	
0.006350	-0.021281	
0.006360	-0.018785	
0.006370	-0.016069	
0.006380	-0.013175	
0.006390	-0.010149	
0.006400	-0.007040	
0.006410	-0.003896	
0.006420	-0.000767	
0.006430	0.002298	
0.006440	0.005251	
0.006450	0.008048	
0.006460	0.010646	
0.006470	0.013007	
0.006480	0.015094	
0.006490	0.016876	
0.006500	0.018323	
0.006510	0.019431	
0.006520	0.020204	
0.006530	0.020639	
0.006540	0.020741	
0.006550	0.020518	
0.006560	0.019984	
0.006570	0.019157	
0.006580	0.018058	
0.006590	0.016713	
0.006600	0.015151	
0.006610	0.013403	
0.006620	0.011504	
0.006630	0.009488	
0.006640	0.007383	
0.006650	0.005223	
0.006660	0.003041	
0.006670	0.000872	
0.006680	-0.001251	
0.006690	-0.003296	
0.006700	-0.005231	
0.006710	-0.007026	
0.006720	-0.008654	
0.006730	-0.010091	
0.006740	-0.011327	
0.006750	-0.012349	
0.006760	-0.013148	
0.006770	-0.013718	
0.006780	-0.014058	
0.006790	-0.014169	
0.006800	-0.014057	
0.006810	-0.013731	
0.006820	-0.013202	
0.006830	-0.012485	
0.006840	-0.011596	
0.006850	-0.010555	
0.006860	-0.009383	
0.006870	-0.008102	
0.006880	-0.006734	
0.006890	-0.005305	
0.006900	-0.003838	
0.006910	-0.002356	
0.006920	-0.000885	
0.006930	0.000555	
0.006940	0.001942	
0.006950	0.003256	
0.006960	0.004478	
0.006970	0.005593	
0.006980	0.006587	
0.006990	0.007448	
0.007000	0.008166	
0.007010	0.008736	
0.007020	0.009153	
0.007030	0.009415	
0.007040	0.009522	
0.007050	0.009479	
0.007060	0.009290	
0.007070	0.008963	
0.007080	0.008508	
0.007090	0.007934	
0.007100	0.007255	
0.007110	0.006485	
0.007120	0.005638	
0.007130	0.004730	
0.007140	0.003777	
0.007150	0.002794	
0.007160	0.001799	
0.007170	0.000807	
0.007180	-0.000167	
0.007190	-0.001108	
0.007200	-0.002003	
0.007210	-0.002839	
0.007220	-0.003605	
0.007230	-0.004291	
0.007240	-0.004890	
0.007250	-0.005394	
0.007260	-0.005799	
0.007270	-0.006102	
0.007280	-0.006300	
0.007290	-0.006395	
0.007300	-0.006388	
0.007310	-0.006281	
0.007320	-0.006081	
0.007330	-0.005793	
0.007340	-0.005423	
0.007350	-0.004982	
0.007360	-0.004476	
0.007370	-0.003917	
0.007380	-0.003315	
0.007390	-0.002679	
0.007400	-0.002022	
0.007410	-0.001354	
0.007420	-0.000686	
0.007430	-0.000028	
0.007440	0.000611	
0.007450	0.001220	
0.007460	0.001791	
0.007470	0.002317	
0.007480	0.002790	
0.007490	0.003206	
0.007500	0.003559	
0.007510	0.003846	
0.007520	0.004064	
0.007530	0.004213	
0.007540	0.004291	
0.007550	0.004301	
0.007560	0.004244	
0.007570	0.004122	
0.007580	0.003941	
0.007590	0.003704	
0.007600	0.003417	
0.007610	0.003086	
0.007620	0.002717	
0.007630	0.002318	
0.007640	0.001895	
0.007650	0.001456	
0.007660	0.001008	
0.007670	0.000558	
0.007680	0.000113	
0.007690	-0.000319	
0.007700	-0.000734	
0.007710	-0.001124	
0.007720	-0.001484	
0.007730	-0.001810	
0.007740	-0.002098	
0.007750	-0.002345	
0.007760	-0.002548	
0.007770	-0.002705	
0.007780	-0.002815	
0.007790	-0.002878	
0.007800	-0.002894	
0.007810	-0.002865	
0.007820	-0.002793	
0.007830	-0.002679	
0.007840	-0.002528	
0.007850	-0.002342	
0.007860	-0.002125	
0.007870	-0.001882	
0.007880	-0.001618	
0.007890	-0.001336	
0.007900	-0.001043	
0.007910	-0.000743	
0.007920	-0.000440	
0.007930	-0.000140	
0.007940	0.000153	
0.007950	0.000434	
0.007960	0.000700	
0.007970	0.000947	
0.007980	0.001172	
0.007990	0.001371	
