t	f	
0.000000	0.000000	
0.000010	1.026928	
0.000020	1.958809	
0.000030	2.786220	
0.000040	3.501253	
0.000050	4.097686	
0.000060	4.570985	
0.000070	4.918496	
0.000080	5.137960	
0.000090	5.232045	
0.000100	5.189920	
0.000110	5.044799	
0.000120	4.789540	
0.000130	4.432908	
0.000140	3.982535	
0.000150	3.448739	
0.000160	2.842938	
0.000170	2.177439	
0.000180	1.465224	
0.000190	0.719695	
0.000200	-0.045487	
0.000210	-0.816659	
0.000220	-1.580351	
0.000230	-2.323493	
0.000240	-3.033669	
0.000250	-3.699169	
0.000260	-4.309256	
0.000270	-4.854295	
0.000280	-5.325878	
0.000290	-5.716949	
0.000300	-6.021807	
0.000310	-6.234903	
0.000320	-6.355159	
0.000330	-6.381294	
0.000340	-6.304455	
0.000350	-6.147232	
0.000360	-5.903017	
0.000370	-5.577797	
0.000380	-5.176178	
0.000390	-4.705283	
0.000400	-4.173272	
0.000410	-3.589178	
0.000420	-2.962765	
0.000430	-2.304308	
0.000440	-1.624467	
0.000450	-0.934085	
0.000460	-0.244012	
0.000470	0.435068	
0.000480	1.092803	
0.000490	1.719342	
0.000500	2.305443	
0.000510	2.842645	
0.000520	3.323387	
0.000530	3.741116	
0.000540	4.090331	
0.000550	4.366693	
0.000560	4.565832	
0.000570	4.687268	
0.000580	4.730256	
0.000590	4.686839	
0.000600	4.577288	
0.000610	4.395957	
0.000620	4.146700	
0.000630	3.835779	
0.000640	3.467906	
0.000650	3.049864	
0.000660	2.589141	
0.000670	2.093769	
0.000680	1.572208	
0.000690	1.033200	
0.000700	0.485639	
0.000710	-0.061611	
0.000720	-0.599835	
0.000730	-1.120591	
0.000740	-1.615882	
0.000750	-2.078224	
0.000760	-2.500771	
0.000770	-2.877416	
0.000780	-3.202868	
0.000790	-3.472739	
0.000800	-3.682342	
0.000810	-3.830546	
0.000820	-3.915922	
0.000830	-3.937808	
0.000840	-3.890490	
0.000850	-3.790494	
0.000860	-3.632178	
0.000870	-3.419425	
0.000880	-3.157499	
0.000890	-2.850152	
0.000900	-2.502932	
0.000910	-2.121946	
0.000920	-1.713748	
0.000930	-1.285213	
0.000940	-0.843457	
0.000950	-0.395687	
0.000960	0.050918	
0.000970	0.489310	
0.000980	0.912668	
0.000990	1.314566	
0.001000	1.688983	
0.001010	2.030429	
0.001020	2.334014	
0.001030	2.595548	
0.001040	2.811544	
0.001050	2.978140	
0.001060	3.094645	
0.001070	3.159971	
0.001080	3.173560	
0.001090	3.129944	
0.001100	3.044532	
0.001110	2.912598	
0.001120	2.736825	
0.001130	2.521640	
0.001140	2.270033	
0.001150	1.986552	
0.001160	1.676183	
0.001170	1.344270	
0.001180	0.996397	
0.001190	0.638356	
0.001200	0.275995	
0.001210	-0.084875	
0.001220	-0.438554	
0.001230	-0.779541	
0.001240	-1.102664	
0.001250	-1.403089	
0.001260	-1.676416	
0.001270	-1.918739	
0.001280	-2.126706	
0.001290	-2.297526	
0.001300	-2.428043	
0.001310	-2.517880	
0.001320	-2.566198	
0.001330	-2.573041	
0.001340	-2.534333	
0.001350	-2.460913	
0.001360	-2.350077	
0.001370	-2.204048	
0.001380	-2.026549	
0.001390	-1.819936	
0.001400	-1.587922	
0.001410	-1.334575	
0.001420	-1.064242	
0.001430	-0.781476	
0.001440	-0.490965	
0.001450	-0.197444	
0.001460	0.094388	
0.001470	0.379934	
0.001480	0.654792	
0.001490	0.914782	
0.001500	1.156023	
0.001510	1.374986	
0.001520	1.568549	
0.001530	1.734038	
0.001540	1.868247	
0.001550	1.970571	
0.001560	2.039893	
0.001570	2.075575	
0.001580	2.077371	
0.001590	2.042881	
0.001600	1.980471	
0.001610	1.888021	
0.001620	1.767375	
0.001630	1.621665	
0.001640	1.452729	
0.001650	1.263594	
0.001660	1.057570	
0.001670	0.838185	
0.001680	0.609128	
0.001690	0.374185	
0.001700	0.137189	
0.001710	-0.098072	
0.001720	-0.327902	
0.001730	-0.548766	
0.001740	-0.757310	
0.001750	-0.950426	
0.001760	-1.125297	
0.001770	-1.279435	
0.001780	-1.410713	
0.001790	-1.516510	
0.001800	-1.596460	
0.001810	-1.649705	
0.001820	-1.675875	
0.001830	-1.670992	
0.001840	-1.640930	
0.001850	-1.588410	
0.001860	-1.511854	
0.001870	-1.412781	
0.001880	-1.293707	
0.001890	-1.156179	
0.001900	-1.002651	
0.001910	-0.835801	
0.001920	-0.658480	
0.001930	-0.473666	
0.001940	-0.284417	
0.001950	-0.093811	
0.001960	0.095110	
0.001970	0.279387	
0.001980	0.456193	
0.001990	0.622848	
0.002000	0.776873	
0.002010	0.916023	
0.002020	1.038323	
0.002030	1.142088	
0.002040	1.225336	
0.002050	1.287720	
0.002060	1.328575	
0.002070	1.347508	
0.002080	1.340935	
0.002090	1.315192	
0.002100	1.271135	
0.002110	1.207914	
0.002120	1.126762	
0.002130	1.029744	
0.002140	0.918100	
0.002150	0.793815	
0.002160	0.659049	
0.002170	0.516102	
0.002180	0.367371	
0.002190	0.215311	
0.002200	0.062390	
0.002210	-0.088956	
0.002220	-0.236355	
0.002230	-0.377552	
0.002240	-0.510412	
0.002250	-0.632962	
0.002260	-0.743423	
0.002270	-0.840228	
0.002280	-0.921483	
0.002290	-0.986719	
0.002300	-1.035165	
0.002310	-1.066304	
0.002320	-1.079804	
0.002330	-1.073266	
0.002340	-1.051211	
0.002350	-1.014454	
0.002360	-0.962468	
0.002370	-0.896250	
0.002380	-0.817067	
0.002390	-0.726818	
0.002400	-0.626611	
0.002410	-0.518183	
0.002420	-0.403386	
0.002430	-0.284137	
0.002440	-0.162405	
0.002450	-0.040155	
0.002460	0.080668	
0.002470	0.198172	
0.002480	0.310554	
0.002490	0.416124	
0.002500	0.513317	
0.002510	0.600724	
0.002520	0.677109	
0.002530	0.740931	
0.002540	0.791883	
0.002550	0.829365	
0.002560	0.852971	
0.002570	0.862408	
0.002580	0.855860	
0.002590	0.837125	
0.002600	0.806651	
0.002610	0.764129	
0.002620	0.710357	
0.002630	0.646356	
0.002640	0.573686	
0.002650	0.493200	
0.002660	0.406291	
0.002670	0.314436	
0.002680	0.219173	
0.002690	0.122065	
0.002700	0.024679	
0.002710	-0.071439	
0.002720	-0.164787	
0.002730	-0.253927	
0.002740	-0.337523	
0.002750	-0.414339	
0.002760	-0.483263	
0.002770	-0.542853	
0.002780	-0.592778	
0.002790	-0.632409	
0.002800	-0.661280	
0.002810	-0.679070	
0.002820	-0.685819	
0.002830	-0.678906	
0.002840	-0.663150	
0.002850	-0.638107	
0.002860	-0.603591	
0.002870	-0.560233	
0.002880	-0.508850	
0.002890	-0.450722	
0.002900	-0.386492	
0.002910	-0.317269	
0.002920	-0.244230	
0.002930	-0.168590	
0.002940	-0.091587	
0.002950	-0.014460	
0.002960	0.061566	
0.002970	0.135304	
0.002980	0.205622	
0.002990	0.271458	
0.003000	0.331842	
0.003010	0.385903	
0.003020	0.432475	
0.003030	0.471347	
0.003040	0.502031	
0.003050	0.524165	
0.003060	0.537492	
0.003070	0.541925	
0.003080	0.534806	
0.003090	0.522074	
0.003100	0.501783	
0.003110	0.474011	
0.003120	0.439338	
0.003130	0.398411	
0.003140	0.351993	
0.003150	0.301184	
0.003160	0.246520	
0.003170	0.188922	
0.003180	0.129347	
0.003190	0.068768	
0.003200	0.008160	
0.003210	-0.051518	
0.003220	-0.109334	
0.003230	-0.164403	
0.003240	-0.215893	
0.003250	-0.263044	
0.003260	-0.304815	
0.003270	-0.340961	
0.003280	-0.371025	
0.003290	-0.394650	
0.003300	-0.411584	
0.003310	-0.421661	
0.003320	-0.424542	
0.003330	-0.418650	
0.003340	-0.408536	
0.003350	-0.392424	
0.003360	-0.370367	
0.003370	-0.342916	
0.003380	-0.310601	
0.003390	-0.274026	
0.003400	-0.233853	
0.003410	-0.190787	
0.003420	-0.145565	
0.003430	-0.098943	
0.003440	-0.051662	
0.003450	-0.004403	
0.003460	0.041966	
0.003470	0.086757	
0.003480	0.129296	
0.003490	0.168957	
0.003500	0.205173	
0.003510	0.237443	
0.003520	0.265335	
0.003530	0.288496	
0.003540	0.306649	
0.003550	0.319594	
0.003560	0.327231	
0.003570	0.329296	
0.003580	0.324554	
0.003590	0.316593	
0.003600	0.303783	
0.003610	0.286519	
0.003620	0.265096	
0.003630	0.239922	
0.003640	0.211463	
0.003650	0.180232	
0.003660	0.146775	
0.003670	0.111665	
0.003680	0.075489	
0.003690	0.038836	
0.003700	0.002295	
0.003710	-0.033560	
0.003720	-0.068179	
0.003730	-0.101041	
0.003740	-0.131662	
0.003750	-0.159604	
0.003760	-0.184480	
0.003770	-0.205956	
0.003780	-0.223759	
0.003790	-0.237674	
0.003800	-0.247628	
0.003810	-0.253255	
0.003820	-0.254386	
0.003830	-0.250609	
0.003840	-0.244344	
0.003850	-0.234231	
0.003860	-0.220815	
0.003870	-0.204176	
0.003880	-0.184656	
0.003890	-0.162614	
0.003900	-0.138444	
0.003910	-0.112570	
0.003920	-0.085431	
0.003930	-0.057480	
0.003940	-0.029175	
0.003950	-0.000968	
0.003960	0.026697	
0.003970	0.053397	
0.003980	0.078728	
0.003990	0.102319	
0.004000	0.123831	
0.004010	0.142965	
0.004020	0.159464	
0.004030	0.173116	
0.004040	0.183823	
0.004050	0.191297	
0.004060	0.195545	
0.004070	0.196230	
0.004080	0.193232	
0.004090	0.188284	
0.004100	0.180420	
0.004110	0.169916	
0.004120	0.157033	
0.004130	0.141981	
0.004140	0.124924	
0.004150	0.106238	
0.004160	0.086248	
0.004170	0.065293	
0.004180	0.043723	
0.004190	0.021889	
0.004200	0.000141	
0.004210	-0.021179	
0.004220	-0.041745	
0.004230	-0.061247	
0.004240	-0.079397	
0.004250	-0.095935	
0.004260	-0.110631	
0.004270	-0.123363	
0.004280	-0.133853	
0.004290	-0.141954	
0.004300	-0.147560	
0.004310	-0.150695	
0.004320	-0.151018	
0.004330	-0.148653	
0.004340	-0.144734	
0.004350	-0.138574	
0.004360	-0.130446	
0.004370	-0.120438	
0.004380	-0.108779	
0.004390	-0.095663	
0.004400	-0.081308	
0.004410	-0.065920	
0.004420	-0.049800	
0.004430	-0.033214	
0.004440	-0.016434	
0.004450	0.000273	
0.004460	0.016645	
0.004470	0.032430	
0.004480	0.047389	
0.004490	0.061304	
0.004500	0.074017	
0.004510	0.085298	
0.004520	0.094981	
0.004530	0.102932	
0.004540	0.109044	
0.004550	0.113313	
0.004560	0.115599	
0.004570	0.115632	
0.004580	0.113790	
0.004590	0.110728	
0.004600	0.105921	
0.004610	0.099643	
0.004620	0.091964	
0.004630	0.082991	
0.004640	0.072919	
0.004650	0.061915	
0.004660	0.050163	
0.004670	0.037855	
0.004680	0.025190	
0.004690	0.012372	
0.004700	-0.000394	
0.004710	-0.012908	
0.004720	-0.024975	
0.004730	-0.036409	
0.004740	-0.047036	
0.004750	-0.056698	
0.004760	-0.065254	
0.004770	-0.072582	
0.004780	-0.078583	
0.004790	-0.083233	
0.004800	-0.086421	
0.004810	-0.088060	
0.004820	-0.088010	
0.004830	-0.086596	
0.004840	-0.084152	
0.004850	-0.080419	
0.004860	-0.075606	
0.004870	-0.069749	
0.004880	-0.062939	
0.004890	-0.055270	
0.004900	-0.046907	
0.004910	-0.037986	
0.004920	-0.028656	
0.004930	-0.019068	
0.004940	-0.009377	
0.004950	0.000264	
0.004960	0.009703	
0.004970	0.018795	
0.004980	0.027399	
0.004990	0.035386	
0.005000	0.042640	
0.005010	0.049054	
0.005020	0.054577	
0.005030	0.059107	
0.005040	0.062577	
0.005050	0.064929	
0.005060	0.066080	
0.005070	0.066057	
0.005080	0.065010	
0.005090	0.063081	
0.005100	0.060218	
0.005110	0.056587	
0.005120	0.052197	
0.005130	0.047106	
0.005140	0.041397	
0.005150	0.035164	
0.005160	0.028512	
0.005170	0.021553	
0.005180	0.014399	
0.005190	0.007175	
0.005200	-0.000006	
0.005210	-0.007032	
0.005220	-0.013793	
0.005230	-0.020203	
0.005240	-0.026158	
0.005250	-0.031570	
0.005260	-0.036362	
0.005270	-0.040466	
0.005280	-0.043824	
0.005290	-0.046383	
0.005300	-0.048093	
0.005310	-0.048888	
0.005320	-0.048899	
0.005330	-0.048153	
0.005340	-0.046683	
0.005350	-0.044534	
0.005360	-0.041828	
0.005370	-0.038585	
0.005380	-0.034839	
0.005390	-0.030645	
0.005400	-0.026071	
0.005410	-0.021193	
0.005420	-0.016091	
0.005430	-0.010847	
0.005440	-0.005546	
0.005450	-0.000273	
0.005460	0.004889	
0.005470	0.009863	
0.005480	0.014571	
0.005490	0.018943	
0.005500	0.022915	
0.005510	0.026430	
0.005520	0.029435	
0.005530	0.031887	
0.005540	0.033744	
0.005550	0.034962	
0.005560	0.035579	
0.005570	0.035625	
0.005580	0.035117	
0.005590	0.034080	
0.005600	0.032548	
0.005610	0.030558	
0.005620	0.028188	
0.005630	0.025467	
0.005640	0.022432	
0.005650	0.019127	
0.005660	0.015606	
0.005670	0.011924	
0.005680	0.008142	
0.005690	0.004320	
0.005700	0.000518	
0.005710	-0.003204	
0.005720	-0.006789	
0.005730	-0.010182	
0.005740	-0.013332	
0.005750	-0.016192	
0.005760	-0.018720	
0.005770	-0.020877	
0.005780	-0.022631	
0.005790	-0.023947	
0.005800	-0.024843	
0.005810	-0.025326	
0.005820	-0.025401	
0.005830	-0.025079	
0.005840	-0.024379	
0.005850	-0.023323	
0.005860	-0.021938	
0.005870	-0.020256	
0.005880	-0.018315	
0.005890	-0.016161	
0.005900	-0.013823	
0.005910	-0.011337	
0.005920	-0.008741	
0.005930	-0.006076	
0.005940	-0.003385	
0.005950	-0.000708	
0.005960	0.001911	
0.005970	0.004432	
0.005980	0.006818	
0.005990	0.009031	
0.006000	0.011038	
0.006010	0.012809	
0.006020	0.014317	
0.006030	0.015547	
0.006040	0.016498	
0.006050	0.017164	
0.006060	0.017543	
0.006070	0.017638	
0.006080	0.017457	
0.006090	0.017011	
0.006100	0.016315	
0.006110	0.015387	
0.006120	0.014250	
0.006130	0.012927	
0.006140	0.011445	
0.006150	0.009831	
0.006160	0.008115	
0.006170	0.006327	
0.006180	0.004495	
0.006190	0.002648	
0.006200	0.000814	
0.006210	-0.000979	
0.006220	-0.002703	
0.006230	-0.004331	
0.006240	-0.005840	
0.006250	-0.007211	
0.006260	-0.008428	
0.006270	-0.009477	
0.006280	-0.010346	
0.006290	-0.011028	
0.006300	-0.011517	
0.006310	-0.011813	
0.006320	-0.011917	
0.006330	-0.011833	
0.006340	-0.011567	
0.006350	-0.011131	
0.006360	-0.010536	
0.006370	-0.009796	
0.006380	-0.008926	
0.006390	-0.007946	
0.006400	-0.006872	
0.006410	-0.005726	
0.006420	-0.004526	
0.006430	-0.003293	
0.006440	-0.002047	
0.006450	-0.000808	
0.006460	0.000405	
0.006470	0.001574	
0.006480	0.002682	
0.006490	0.003715	
0.006500	0.004657	
0.006510	0.005499	
0.006520	0.006229	
0.006530	0.006840	
0.006540	0.007326	
0.006550	0.007683	
0.006560	0.007910	
0.006570	0.008007	
0.006580	0.007978	
0.006590	0.007825	
0.006600	0.007556	
0.006610	0.007178	
0.006620	0.006701	
0.006630	0.006134	
0.006640	0.005490	
0.006650	0.004781	
0.006660	0.004019	
0.006670	0.003219	
0.006680	0.002394	
0.006690	0.001557	
0.006700	0.000722	
0.006710	-0.000098	
0.006720	-0.000891	
0.006730	-0.001646	
0.006740	-0.002352	
0.006750	-0.003000	
0.006760	-0.003581	
0.006770	-0.004088	
0.006780	-0.004517	
0.006790	-0.004862	
0.006800	-0.005121	
0.006810	-0.005292	
0.006820	-0.005377	
0.006830	-0.005375	
0.006840	-0.005290	
0.006850	-0.005125	
0.006860	-0.004886	
0.006870	-0.004579	
0.006880	-0.004211	
0.006890	-0.003788	
0.006900	-0.003320	
0.006910	-0.002815	
0.006920	-0.002282	
0.006930	-0.001730	
0.006940	-0.001168	
0.006950	-0.000606	
0.006960	-0.000052	
0.006970	0.000486	
0.006980	0.001000	
0.006990	0.001482	
0.007000	0.001926	
0.007010	0.002327	
0.007020	0.002679	
0.007030	0.002979	
0.007040	0.003223	
0.007050	0.003410	
0.007060	0.003538	
0.007070	0.003607	
0.007080	0.003618	
0.007090	0.003573	
0.007100	0.003474	
0.007110	0.003324	
0.007120	0.003127	
0.007130	0.002888	
0.007140	0.002611	
0.007150	0.002302	
0.007160	0.001968	
0.007170	0.001613	
0.007180	0.001244	
0.007190	0.000867	
0.007200	0.000489	
0.007210	0.000115	
0.007220	-0.000250	
0.007230	-0.000599	
0.007240	-0.000928	
0.007250	-0.001233	
0.007260	-0.001509	
0.007270	-0.001753	
0.007280	-0.001962	
0.007290	-0.002135	
0.007300	-0.002269	
0.007310	-0.002363	
0.007320	-0.002418	
0.007330	-0.002434	
0.007340	-0.002412	
0.007350	-0.002353	
0.007360	-0.002259	
0.007370	-0.002133	
0.007380	-0.001978	
0.007390	-0.001797	
0.007400	-0.001594	
0.007410	-0.001373	
0.007420	-0.001137	
0.007430	-0.000890	
0.007440	-0.000638	
0.007450	-0.000383	
0.007460	-0.000131	
0.007470	0.000116	
0.007480	0.000353	
0.007490	0.000578	
0.007500	0.000786	
0.007510	0.000976	
0.007520	0.001145	
0.007530	0.001291	
0.007540	0.001412	
0.007550	0.001508	
0.007560	0.001577	
0.007570	0.001620	
0.007580	0.001636	
0.007590	0.001627	
0.007600	0.001592	
0.007610	0.001534	
0.007620	0.001454	
0.007630	0.001354	
0.007640	0.001236	
0.007650	0.001102	
0.007660	0.000956	
0.007670	0.000799	
0.007680	0.000635	
0.007690	0.000466	
0.007700	0.000295	
0.007710	0.000124	
0.007720	-0.000043	
0.007730	-0.000204	
0.007740	-0.000357	
0.007750	-0.000499	
0.007760	-0.000630	
0.007770	-0.000747	
0.007780	-0.000848	
0.007790	-0.000933	
0.007800	-0.001001	
0.007810	-0.001052	
0.007820	-0.001085	
0.007830	-0.001099	
0.007840	-0.001097	
0.007850	-0.001077	
0.007860	-0.001041	
0.007870	-0.000990	
0.007880	-0.000926	
0.007890	-0.000849	
0.007900	-0.000761	
0.007910	-0.000665	
0.007920	-0.000560	
0.007930	-0.000451	
0.007940	-0.000338	
0.007950	-0.000223	
0.007960	-0.000108	
0.007970	0.000005	
0.007980	0.000114	
0.007990	0.000218	
