t				y
0.000000e+000	1.806595e-025
1.000000e-003	1.797434e-025
2.000000e-003	1.794803e-025
3.000000e-003	1.793538e-025
4.000000e-003	1.792694e-025
5.000000e-003	1.792057e-025
6.000000e-003	1.791555e-025
7.000000e-003	1.791150e-025
8.000000e-003	1.790817e-025
9.000000e-003	1.790538e-025
1.000000e-002	1.790298e-025
1.100000e-002	1.790089e-025
1.200000e-002	1.789902e-025
1.300000e-002	1.789732e-025
1.400000e-002	1.789576e-025
1.500000e-002	1.789429e-025
1.600000e-002	1.789291e-025
1.700000e-002	1.789159e-025
1.800000e-002	1.789032e-025
1.900000e-002	1.788910e-025
2.000000e-002	1.788791e-025
2.100000e-002	1.788675e-025
2.200000e-002	1.788562e-025
2.300000e-002	1.788451e-025
2.400000e-002	1.788343e-025
2.500000e-002	1.788236e-025
2.600000e-002	1.209589e+001
2.700000e-002	-1.016003e+001
2.800000e-002	-1.208990e+001
2.900000e-002	-1.208926e+001
3.000000e-002	-1.208831e+001
3.100000e-002	-1.208728e+001
3.200000e-002	-1.208619e+001
3.300000e-002	-1.208502e+001
3.400000e-002	-1.208370e+001
3.500000e-002	-1.208210e+001
3.600000e-002	-1.207975e+001
3.700000e-002	-1.206299e+001
3.800000e-002	-1.132549e+001
3.900000e-002	-1.028825e+001
4.000000e-002	-9.197353e+000
4.100000e-002	-8.168035e+000
4.200000e-002	-7.248569e+000
4.300000e-002	-6.452389e+000
4.400000e-002	-5.775746e+000
4.500000e-002	-5.207257e+000
4.600000e-002	-4.732933e+000
4.700000e-002	-4.338708e+000
4.800000e-002	-4.011622e+000
4.900000e-002	-3.740268e+000
5.000000e-002	-3.514882e+000
5.100000e-002	-3.327247e+000
5.200000e-002	-3.170524e+000
5.300000e-002	-3.039063e+000
5.400000e-002	-2.928224e+000
5.500000e-002	-2.834201e+000
5.600000e-002	-2.753887e+000
5.700000e-002	-2.684748e+000
5.800000e-002	-2.624716e+000
5.900000e-002	-2.572110e+000
6.000000e-002	-2.525561e+000
6.100000e-002	-2.483954e+000
6.200000e-002	-2.446383e+000
6.300000e-002	-2.412112e+000
6.400000e-002	-2.380543e+000
6.500000e-002	-2.351187e+000
6.600000e-002	-2.323648e+000
6.700000e-002	-2.297606e+000
6.800000e-002	-2.272797e+000
6.900000e-002	-2.249010e+000
7.000000e-002	-2.226070e+000
7.100000e-002	-2.203838e+000
7.200000e-002	-2.182198e+000
7.300000e-002	-2.161057e+000
7.400000e-002	-2.140341e+000
7.500000e-002	-2.119986e+000
7.600000e-002	-2.099943e+000
7.700000e-002	-2.080171e+000
7.800000e-002	-2.060636e+000
7.900000e-002	-2.041312e+000
8.000000e-002	-2.022176e+000
8.100000e-002	-2.003209e+000
8.200000e-002	-1.984398e+000
8.300000e-002	-1.965730e+000
8.400000e-002	-1.947195e+000
8.500000e-002	-1.928785e+000
8.600000e-002	-1.910493e+000
8.700000e-002	-1.892314e+000
8.800000e-002	-1.874243e+000
8.900000e-002	-1.856277e+000
9.000000e-002	-1.838411e+000
9.100000e-002	-1.820644e+000
9.200000e-002	-1.802974e+000
9.300000e-002	-1.785397e+000
9.400000e-002	-1.767913e+000
9.500000e-002	-1.750521e+000
9.600000e-002	-1.733219e+000
9.700000e-002	-1.716005e+000
9.800000e-002	-1.698880e+000
9.900000e-002	-1.681842e+000
1.000000e-001	-1.664890e+000
1.010000e-001	-1.648024e+000
1.020000e-001	-1.631243e+000
1.030000e-001	-1.614547e+000
1.040000e-001	-1.597934e+000
1.050000e-001	-1.581405e+000
1.060000e-001	-1.564959e+000
1.070000e-001	-1.548595e+000
1.080000e-001	-1.532313e+000
1.090000e-001	-1.516112e+000
1.100000e-001	-1.499992e+000
1.110000e-001	-1.483953e+000
1.120000e-001	-1.467994e+000
1.130000e-001	-1.452115e+000
1.140000e-001	-1.436315e+000
1.150000e-001	-1.420594e+000
1.160000e-001	-1.404951e+000
1.170000e-001	-1.389386e+000
1.180000e-001	-1.373899e+000
1.190000e-001	-1.358490e+000
1.200000e-001	-1.343157e+000
1.210000e-001	-1.327900e+000
1.220000e-001	-1.312720e+000
1.230000e-001	-1.297616e+000
1.240000e-001	-1.282586e+000
1.250000e-001	-1.267632e+000
1.260000e-001	-1.252752e+000
1.270000e-001	-1.237947e+000
1.280000e-001	-1.223215e+000
1.290000e-001	-1.208557e+000
1.300000e-001	-1.193972e+000
1.310000e-001	-1.179460e+000
1.320000e-001	-1.165020e+000
1.330000e-001	-1.150652e+000
1.340000e-001	-1.136356e+000
1.350000e-001	-1.122131e+000
1.360000e-001	-1.107977e+000
1.370000e-001	-1.093894e+000
1.380000e-001	-1.079881e+000
1.390000e-001	-1.065938e+000
1.400000e-001	-1.052064e+000
1.410000e-001	-1.038259e+000
1.420000e-001	-1.024524e+000
1.430000e-001	-1.010857e+000
1.440000e-001	-9.972576e-001
1.450000e-001	-9.837264e-001
1.460000e-001	-9.702627e-001
1.470000e-001	-9.568662e-001
1.480000e-001	-9.435364e-001
1.490000e-001	-9.302732e-001
1.500000e-001	-9.170761e-001
1.510000e-001	-9.039448e-001
1.520000e-001	-8.908790e-001
1.530000e-001	-8.778784e-001
1.540000e-001	-8.649426e-001
1.550000e-001	-8.520714e-001
1.560000e-001	-8.392643e-001
1.570000e-001	-8.265211e-001
1.580000e-001	-8.138414e-001
1.590000e-001	-8.012250e-001
1.600000e-001	-7.886715e-001
1.610000e-001	-7.761806e-001
1.620000e-001	-7.637521e-001
1.630000e-001	-7.513855e-001
1.640000e-001	-7.390805e-001
1.650000e-001	-7.268370e-001
1.660000e-001	-7.146545e-001
1.670000e-001	-7.025328e-001
1.680000e-001	-6.904715e-001
1.690000e-001	-6.784704e-001
1.700000e-001	-6.665291e-001
1.710000e-001	-6.546474e-001
1.720000e-001	-6.428249e-001
1.730000e-001	-6.310614e-001
1.740000e-001	-6.193566e-001
1.750000e-001	-6.077101e-001
1.760000e-001	-5.961218e-001
1.770000e-001	-5.845912e-001
1.780000e-001	-5.731181e-001
1.790000e-001	-5.617023e-001
1.800000e-001	-5.503434e-001
1.810000e-001	-5.390411e-001
1.820000e-001	-5.277952e-001
1.830000e-001	-5.166054e-001
1.840000e-001	-5.054714e-001
1.850000e-001	-4.943930e-001
1.860000e-001	-4.833697e-001
1.870000e-001	-4.724015e-001
1.880000e-001	-4.614880e-001
1.890000e-001	-4.506289e-001
1.900000e-001	-4.398239e-001
1.910000e-001	-4.290728e-001
1.920000e-001	-4.183754e-001
1.930000e-001	-4.077313e-001
1.940000e-001	-3.971403e-001
1.950000e-001	-3.866021e-001
1.960000e-001	-3.761165e-001
1.970000e-001	-3.656832e-001
1.980000e-001	-3.553019e-001
1.990000e-001	-3.449723e-001
2.000000e-001	-3.346943e-001
2.010000e-001	-3.244676e-001
2.020000e-001	-3.142918e-001
2.030000e-001	-3.041669e-001
2.040000e-001	-2.940924e-001
2.050000e-001	-2.840681e-001
2.060000e-001	-2.740938e-001
2.070000e-001	-2.641693e-001
2.080000e-001	-2.542943e-001
2.090000e-001	-2.444686e-001
2.100000e-001	-2.346918e-001
2.110000e-001	-2.249638e-001
2.120000e-001	-2.152843e-001
2.130000e-001	-2.056531e-001
2.140000e-001	-1.960699e-001
2.150000e-001	-1.865345e-001
2.160000e-001	-1.770467e-001
2.170000e-001	-1.676062e-001
2.180000e-001	-1.582128e-001
2.190000e-001	-1.488662e-001
2.200000e-001	-1.395663e-001
2.210000e-001	-1.303127e-001
2.220000e-001	-1.211053e-001
2.230000e-001	-1.119437e-001
2.240000e-001	-1.028279e-001
2.250000e-001	-9.375758e-002
2.260000e-001	-8.473246e-002
2.270000e-001	-7.575236e-002
2.280000e-001	-6.681704e-002
2.290000e-001	-5.792629e-002
2.300000e-001	-4.907988e-002
2.310000e-001	-4.027758e-002
2.320000e-001	-3.151919e-002
2.330000e-001	-2.280448e-002
2.340000e-001	-1.413323e-002
2.350000e-001	-5.505227e-003
2.360000e-001	3.079744e-003
2.370000e-001	1.162190e-002
2.380000e-001	2.012145e-002
2.390000e-001	2.857862e-002
2.400000e-001	3.699360e-002
2.410000e-001	4.536661e-002
2.420000e-001	5.369787e-002
2.430000e-001	6.198758e-002
2.440000e-001	7.023594e-002
2.450000e-001	7.844317e-002
2.460000e-001	8.660946e-002
2.470000e-001	9.473502e-002
2.480000e-001	1.028201e-001
2.490000e-001	1.108648e-001
2.500000e-001	1.188694e-001
2.510000e-001	1.268341e-001
2.520000e-001	1.347590e-001
2.530000e-001	1.426444e-001
2.540000e-001	1.504905e-001
2.550000e-001	1.582975e-001
2.560000e-001	1.660655e-001
2.570000e-001	1.737948e-001
2.580000e-001	1.814856e-001
2.590000e-001	1.891380e-001
2.600000e-001	1.967522e-001
2.610000e-001	2.043284e-001
2.620000e-001	2.118669e-001
2.630000e-001	2.193677e-001
2.640000e-001	2.268312e-001
2.650000e-001	2.342574e-001
2.660000e-001	2.416466e-001
2.670000e-001	2.489990e-001
2.680000e-001	2.563147e-001
2.690000e-001	2.635938e-001
2.700000e-001	2.708367e-001
2.710000e-001	2.780435e-001
2.720000e-001	2.852143e-001
2.730000e-001	2.923494e-001
2.740000e-001	2.994488e-001
2.750000e-001	3.065129e-001
2.760000e-001	3.135417e-001
2.770000e-001	3.205355e-001
2.780000e-001	3.274944e-001
2.790000e-001	3.344186e-001
2.800000e-001	3.413083e-001
2.810000e-001	3.481636e-001
2.820000e-001	3.549847e-001
2.830000e-001	3.617718e-001
2.840000e-001	3.685250e-001
2.850000e-001	3.752446e-001
2.860000e-001	3.819306e-001
2.870000e-001	3.885833e-001
2.880000e-001	3.952028e-001
2.890000e-001	4.017893e-001
2.900000e-001	4.083430e-001
2.910000e-001	4.148640e-001
2.920000e-001	4.213524e-001
2.930000e-001	4.278085e-001
2.940000e-001	4.342324e-001
2.950000e-001	4.406243e-001
2.960000e-001	4.469842e-001
2.970000e-001	4.533125e-001
2.980000e-001	4.596092e-001
2.990000e-001	4.658745e-001
3.000000e-001	4.721085e-001
3.010000e-001	4.783115e-001
3.020000e-001	4.844835e-001
3.030000e-001	4.906247e-001
3.040000e-001	4.967353e-001
3.050000e-001	5.028155e-001
3.060000e-001	5.088653e-001
3.070000e-001	5.148849e-001
3.080000e-001	5.208745e-001
3.090000e-001	5.268343e-001
3.100000e-001	5.327643e-001
3.110000e-001	5.386647e-001
3.120000e-001	5.445357e-001
3.130000e-001	5.503775e-001
3.140000e-001	5.561901e-001
3.150000e-001	5.619737e-001
3.160000e-001	5.677285e-001
3.170000e-001	5.734545e-001
3.180000e-001	5.791520e-001
3.190000e-001	5.848211e-001
3.200000e-001	5.904619e-001
3.210000e-001	5.960746e-001
3.220000e-001	6.016593e-001
3.230000e-001	6.072162e-001
3.240000e-001	6.127453e-001
3.250000e-001	6.182468e-001
3.260000e-001	6.237210e-001
3.270000e-001	6.291678e-001
3.280000e-001	6.345874e-001
3.290000e-001	6.399800e-001
3.300000e-001	6.453458e-001
3.310000e-001	6.506847e-001
3.320000e-001	6.559971e-001
3.330000e-001	6.612829e-001
3.340000e-001	6.665424e-001
3.350000e-001	6.717756e-001
3.360000e-001	6.769828e-001
3.370000e-001	6.821639e-001
3.380000e-001	6.873193e-001
3.390000e-001	6.924489e-001
3.400000e-001	6.975530e-001
3.410000e-001	7.026315e-001
3.420000e-001	7.076848e-001
3.430000e-001	7.127129e-001
3.440000e-001	7.177158e-001
3.450000e-001	7.226939e-001
3.460000e-001	7.276471e-001
3.470000e-001	7.325756e-001
3.480000e-001	7.374795e-001
3.490000e-001	7.423589e-001
3.500000e-001	7.472141e-001
3.510000e-001	7.520450e-001
3.520000e-001	7.568518e-001
3.530000e-001	7.616346e-001
3.540000e-001	7.663936e-001
3.550000e-001	7.711289e-001
3.560000e-001	7.758405e-001
3.570000e-001	7.805287e-001
3.580000e-001	7.851934e-001
3.590000e-001	7.898349e-001
3.600000e-001	7.944533e-001
3.610000e-001	7.990486e-001
3.620000e-001	8.036210e-001
3.630000e-001	8.081706e-001
3.640000e-001	8.126975e-001
3.650000e-001	8.172018e-001
3.660000e-001	8.216837e-001
3.670000e-001	8.261432e-001
3.680000e-001	8.305804e-001
3.690000e-001	8.349956e-001
3.700000e-001	8.393887e-001
3.710000e-001	8.437599e-001
3.720000e-001	8.481093e-001
3.730000e-001	8.524370e-001
3.740000e-001	8.567431e-001
3.750000e-001	8.610278e-001
3.760000e-001	8.652911e-001
3.770000e-001	8.695331e-001
3.780000e-001	8.737540e-001
3.790000e-001	8.779538e-001
3.800000e-001	8.821327e-001
3.810000e-001	8.862907e-001
3.820000e-001	8.904280e-001
3.830000e-001	8.945446e-001
3.840000e-001	8.986408e-001
3.850000e-001	9.027165e-001
3.860000e-001	9.067718e-001
3.870000e-001	9.108070e-001
3.880000e-001	9.148220e-001
3.890000e-001	9.188170e-001
3.900000e-001	9.227921e-001
3.910000e-001	9.267473e-001
3.920000e-001	9.306828e-001
3.930000e-001	9.345987e-001
3.940000e-001	9.384951e-001
3.950000e-001	9.423720e-001
3.960000e-001	9.462296e-001
3.970000e-001	9.500680e-001
3.980000e-001	9.538872e-001
3.990000e-001	9.576873e-001
4.000000e-001	9.614685e-001
4.010000e-001	9.652309e-001
4.020000e-001	9.689745e-001
4.030000e-001	9.726994e-001
4.040000e-001	9.764057e-001
4.050000e-001	9.800936e-001
4.060000e-001	9.837631e-001
4.070000e-001	9.874142e-001
4.080000e-001	9.910472e-001
4.090000e-001	9.946620e-001
4.100000e-001	9.982588e-001
4.110000e-001	1.001838e+000
4.120000e-001	1.005399e+000
4.130000e-001	1.008942e+000
4.140000e-001	1.012468e+000
4.150000e-001	1.015976e+000
4.160000e-001	1.019466e+000
4.170000e-001	1.022939e+000
4.180000e-001	1.026395e+000
4.190000e-001	1.029833e+000
4.200000e-001	1.033255e+000
4.210000e-001	1.036659e+000
4.220000e-001	1.040047e+000
4.230000e-001	1.043417e+000
4.240000e-001	1.046771e+000
4.250000e-001	1.050108e+000
4.260000e-001	1.053428e+000
4.270000e-001	1.056732e+000
4.280000e-001	1.060019e+000
4.290000e-001	1.063290e+000
4.300000e-001	1.066544e+000
4.310000e-001	1.069783e+000
4.320000e-001	1.073005e+000
4.330000e-001	1.076211e+000
4.340000e-001	1.079401e+000
4.350000e-001	1.082575e+000
4.360000e-001	1.085733e+000
4.370000e-001	1.088876e+000
4.380000e-001	1.092003e+000
4.390000e-001	1.095114e+000
4.400000e-001	1.098210e+000
4.410000e-001	1.101290e+000
4.420000e-001	1.104356e+000
4.430000e-001	1.107405e+000
4.440000e-001	1.110440e+000
4.450000e-001	1.113459e+000
4.460000e-001	1.116463e+000
4.470000e-001	1.119453e+000
4.480000e-001	1.122427e+000
4.490000e-001	1.125387e+000
4.500000e-001	1.128332e+000
4.510000e-001	1.131262e+000
4.520000e-001	1.134177e+000
4.530000e-001	1.137078e+000
4.540000e-001	1.139965e+000
4.550000e-001	1.142837e+000
4.560000e-001	1.145695e+000
4.570000e-001	1.148538e+000
4.580000e-001	1.151368e+000
4.590000e-001	1.154183e+000
4.600000e-001	1.156984e+000
4.610000e-001	1.159772e+000
4.620000e-001	1.162545e+000
4.630000e-001	1.165304e+000
4.640000e-001	1.168050e+000
4.650000e-001	1.170782e+000
4.660000e-001	1.173501e+000
4.670000e-001	1.176206e+000
4.680000e-001	1.178897e+000
4.690000e-001	1.181575e+000
4.700000e-001	1.184239e+000
4.710000e-001	1.186891e+000
4.720000e-001	1.189529e+000
4.730000e-001	1.192154e+000
4.740000e-001	1.194766e+000
4.750000e-001	1.197365e+000
4.760000e-001	1.199950e+000
4.770000e-001	1.202523e+000
4.780000e-001	1.205083e+000
4.790000e-001	1.207631e+000
4.800000e-001	1.210165e+000
4.810000e-001	1.212688e+000
4.820000e-001	1.215197e+000
4.830000e-001	1.217694e+000
4.840000e-001	1.220178e+000
4.850000e-001	1.222650e+000
4.860000e-001	1.225110e+000
4.870000e-001	1.227558e+000
4.880000e-001	1.229993e+000
4.890000e-001	1.232416e+000
4.900000e-001	1.234827e+000
4.910000e-001	1.237226e+000
4.920000e-001	1.239613e+000
4.930000e-001	1.241988e+000
4.940000e-001	1.244352e+000
4.950000e-001	1.246703e+000
4.960000e-001	1.249043e+000
4.970000e-001	1.251371e+000
4.980000e-001	1.253688e+000
4.990000e-001	1.255993e+000
5.000000e-001	1.258286e+000
5.010000e-001	1.260568e+000
5.020000e-001	1.262839e+000
5.030000e-001	1.265098e+000
5.040000e-001	1.267346e+000
5.050000e-001	1.269583e+000
5.060000e-001	1.271809e+000
5.070000e-001	1.274023e+000
5.080000e-001	1.276227e+000
5.090000e-001	1.278419e+000
5.100000e-001	1.280601e+000
5.110000e-001	1.282772e+000
5.120000e-001	1.284932e+000
5.130000e-001	1.287081e+000
5.140000e-001	1.289219e+000
5.150000e-001	1.291347e+000
5.160000e-001	1.293464e+000
5.170000e-001	1.295571e+000
5.180000e-001	1.297667e+000
5.190000e-001	1.299752e+000
5.200000e-001	1.301828e+000
5.210000e-001	1.303892e+000
5.220000e-001	1.305947e+000
5.230000e-001	1.307991e+000
5.240000e-001	1.310025e+000
5.250000e-001	1.312049e+000
5.260000e-001	1.314063e+000
5.270000e-001	1.316067e+000
5.280000e-001	1.318061e+000
5.290000e-001	1.320045e+000
5.300000e-001	1.322019e+000
5.310000e-001	1.323983e+000
5.320000e-001	1.325937e+000
5.330000e-001	1.327882e+000
5.340000e-001	1.329817e+000
5.350000e-001	1.331742e+000
5.360000e-001	1.333658e+000
5.370000e-001	1.335564e+000
5.380000e-001	1.337461e+000
5.390000e-001	1.339348e+000
5.400000e-001	1.341226e+000
5.410000e-001	1.343094e+000
5.420000e-001	1.344953e+000
5.430000e-001	1.346803e+000
5.440000e-001	1.348643e+000
5.450000e-001	1.350475e+000
5.460000e-001	1.352297e+000
5.470000e-001	1.354110e+000
5.480000e-001	1.355914e+000
5.490000e-001	1.357709e+000
5.500000e-001	1.359496e+000
5.510000e-001	1.361273e+000
5.520000e-001	1.363041e+000
5.530000e-001	1.364801e+000
5.540000e-001	1.366552e+000
5.550000e-001	1.368294e+000
5.560000e-001	1.370027e+000
5.570000e-001	1.371752e+000
5.580000e-001	1.373468e+000
5.590000e-001	1.375176e+000
5.600000e-001	1.376875e+000
5.610000e-001	1.378565e+000
5.620000e-001	1.380247e+000
5.630000e-001	1.381921e+000
5.640000e-001	1.383587e+000
5.650000e-001	1.385244e+000
5.660000e-001	1.386892e+000
5.670000e-001	1.388533e+000
5.680000e-001	1.390166e+000
5.690000e-001	1.391790e+000
5.700000e-001	1.393406e+000
5.710000e-001	1.395014e+000
5.720000e-001	1.396614e+000
5.730000e-001	1.398206e+000
5.740000e-001	1.399791e+000
5.750000e-001	1.401367e+000
5.760000e-001	1.402935e+000
5.770000e-001	1.404496e+000
5.780000e-001	1.406049e+000
5.790000e-001	1.407594e+000
5.800000e-001	1.409131e+000
5.810000e-001	1.410661e+000
5.820000e-001	1.412183e+000
5.830000e-001	1.413698e+000
5.840000e-001	1.415204e+000
5.850000e-001	1.416704e+000
5.860000e-001	1.418196e+000
5.870000e-001	1.419680e+000
5.880000e-001	1.421157e+000
5.890000e-001	1.422627e+000
5.900000e-001	1.424090e+000
5.910000e-001	1.425545e+000
5.920000e-001	1.426993e+000
5.930000e-001	1.428433e+000
5.940000e-001	1.429867e+000
5.950000e-001	1.431293e+000
5.960000e-001	1.432712e+000
5.970000e-001	1.434124e+000
5.980000e-001	1.435529e+000
5.990000e-001	1.436927e+000
6.000000e-001	1.438318e+000
6.010000e-001	1.439703e+000
6.020000e-001	1.441080e+000
6.030000e-001	1.442450e+000
6.040000e-001	1.443814e+000
6.050000e-001	1.445170e+000
6.060000e-001	1.446520e+000
6.070000e-001	1.447864e+000
6.080000e-001	1.449200e+000
6.090000e-001	1.450530e+000
6.100000e-001	1.451853e+000
6.110000e-001	1.453170e+000
6.120000e-001	1.454480e+000
6.130000e-001	1.455784e+000
6.140000e-001	1.457081e+000
6.150000e-001	1.458371e+000
6.160000e-001	1.459655e+000
6.170000e-001	1.460933e+000
6.180000e-001	1.462204e+000
6.190000e-001	1.463469e+000
6.200000e-001	1.464728e+000
6.210000e-001	1.465981e+000
6.220000e-001	1.467227e+000
6.230000e-001	1.468467e+000
6.240000e-001	1.469701e+000
6.250000e-001	1.470928e+000
6.260000e-001	1.472150e+000
6.270000e-001	1.473365e+000
6.280000e-001	1.474574e+000
6.290000e-001	1.475778e+000
6.300000e-001	1.476975e+000
6.310000e-001	1.478166e+000
6.320000e-001	1.479352e+000
6.330000e-001	1.480531e+000
6.340000e-001	1.481705e+000
6.350000e-001	1.482873e+000
6.360000e-001	1.484035e+000
6.370000e-001	1.485191e+000
6.380000e-001	1.486341e+000
6.390000e-001	1.487486e+000
6.400000e-001	1.488625e+000
6.410000e-001	1.489758e+000
6.420000e-001	1.490886e+000
6.430000e-001	1.492008e+000
6.440000e-001	1.493124e+000
6.450000e-001	1.494235e+000
6.460000e-001	1.495340e+000
6.470000e-001	1.496440e+000
6.480000e-001	1.497534e+000
6.490000e-001	1.498623e+000
6.500000e-001	1.499706e+000
6.510000e-001	1.500784e+000
6.520000e-001	1.501857e+000
6.530000e-001	1.502924e+000
6.540000e-001	1.503986e+000
6.550000e-001	1.505043e+000
6.560000e-001	1.506094e+000
6.570000e-001	1.507140e+000
6.580000e-001	1.508181e+000
6.590000e-001	1.509217e+000
6.600000e-001	1.510247e+000
6.610000e-001	1.511273e+000
6.620000e-001	1.512293e+000
6.630000e-001	1.513308e+000
6.640000e-001	1.514318e+000
6.650000e-001	1.515324e+000
6.660000e-001	1.516324e+000
6.670000e-001	1.517319e+000
6.680000e-001	1.518309e+000
6.690000e-001	1.519294e+000
6.700000e-001	1.520274e+000
6.710000e-001	1.521250e+000
6.720000e-001	1.522220e+000
6.730000e-001	1.523186e+000
6.740000e-001	1.524147e+000
6.750000e-001	1.525103e+000
6.760000e-001	1.526054e+000
6.770000e-001	1.527001e+000
6.780000e-001	1.527943e+000
6.790000e-001	1.528880e+000
6.800000e-001	1.529812e+000
6.810000e-001	1.530740e+000
6.820000e-001	1.531663e+000
6.830000e-001	1.532582e+000
6.840000e-001	1.533496e+000
6.850000e-001	1.534406e+000
6.860000e-001	1.535310e+000
6.870000e-001	1.536211e+000
6.880000e-001	1.537107e+000
6.890000e-001	1.537998e+000
6.900000e-001	1.538885e+000
6.910000e-001	1.539768e+000
6.920000e-001	1.540646e+000
6.930000e-001	1.541520e+000
6.940000e-001	1.542389e+000
6.950000e-001	1.543254e+000
6.960000e-001	1.544115e+000
6.970000e-001	1.544972e+000
6.980000e-001	1.545824e+000
6.990000e-001	1.546672e+000
7.000000e-001	1.547516e+000
7.010000e-001	1.548355e+000
7.020000e-001	1.549191e+000
7.030000e-001	1.550022e+000
7.040000e-001	1.550849e+000
7.050000e-001	1.551672e+000
7.060000e-001	1.552491e+000
7.070000e-001	1.553305e+000
7.080000e-001	1.554116e+000
7.090000e-001	1.554923e+000
7.100000e-001	1.555725e+000
7.110000e-001	1.556524e+000
7.120000e-001	1.557318e+000
7.130000e-001	1.558109e+000
7.140000e-001	1.558896e+000
7.150000e-001	1.559679e+000
7.160000e-001	1.560457e+000
7.170000e-001	1.561232e+000
7.180000e-001	1.562004e+000
7.190000e-001	1.562771e+000
7.200000e-001	1.563534e+000
7.210000e-001	1.564294e+000
7.220000e-001	1.565050e+000
7.230000e-001	1.565802e+000
7.240000e-001	1.566550e+000
7.250000e-001	1.567295e+000
7.260000e-001	1.568036e+000
7.270000e-001	1.568773e+000
7.280000e-001	1.569506e+000
7.290000e-001	1.570236e+000
7.300000e-001	1.570963e+000
7.310000e-001	1.571685e+000
7.320000e-001	1.572404e+000
7.330000e-001	1.573120e+000
7.340000e-001	1.573831e+000
7.350000e-001	1.574540e+000
7.360000e-001	1.575244e+000
7.370000e-001	1.575946e+000
7.380000e-001	1.576643e+000
7.390000e-001	1.577338e+000
7.400000e-001	1.578029e+000
7.410000e-001	1.578716e+000
7.420000e-001	1.579400e+000
7.430000e-001	1.580080e+000
7.440000e-001	1.580758e+000
7.450000e-001	1.581431e+000
7.460000e-001	1.582102e+000
7.470000e-001	1.582769e+000
7.480000e-001	1.583432e+000
7.490000e-001	1.584093e+000
7.500000e-001	1.584750e+000
7.510000e-001	1.585404e+000
7.520000e-001	1.586054e+000
7.530000e-001	1.586702e+000
7.540000e-001	1.587346e+000
7.550000e-001	1.587987e+000
7.560000e-001	1.588624e+000
7.570000e-001	1.589259e+000
7.580000e-001	1.589890e+000
7.590000e-001	1.590519e+000
7.600000e-001	1.591144e+000
7.610000e-001	1.591766e+000
7.620000e-001	1.592384e+000
7.630000e-001	1.593000e+000
7.640000e-001	1.593613e+000
7.650000e-001	1.594223e+000
7.660000e-001	1.594829e+000
7.670000e-001	1.595433e+000
7.680000e-001	1.596033e+000
7.690000e-001	1.596631e+000
7.700000e-001	1.597225e+000
7.710000e-001	1.597817e+000
7.720000e-001	1.598406e+000
7.730000e-001	1.598991e+000
7.740000e-001	1.599574e+000
7.750000e-001	1.600154e+000
7.760000e-001	1.600731e+000
7.770000e-001	1.601305e+000
7.780000e-001	1.601877e+000
7.790000e-001	1.602445e+000
7.800000e-001	1.603011e+000
7.810000e-001	1.603573e+000
7.820000e-001	1.604133e+000
7.830000e-001	1.604691e+000
7.840000e-001	1.605245e+000
7.850000e-001	1.605797e+000
7.860000e-001	1.606345e+000
7.870000e-001	1.606892e+000
7.880000e-001	1.607435e+000
7.890000e-001	1.607976e+000
7.900000e-001	1.608514e+000
7.910000e-001	1.609049e+000
7.920000e-001	1.609582e+000
7.930000e-001	1.610112e+000
7.940000e-001	1.610639e+000
7.950000e-001	1.611164e+000
7.960000e-001	1.611686e+000
7.970000e-001	1.612205e+000
7.980000e-001	1.612722e+000
7.990000e-001	1.613237e+000
8.000000e-001	1.613748e+000
8.010000e-001	1.614258e+000
8.020000e-001	1.614764e+000
8.030000e-001	1.615268e+000
8.040000e-001	1.615770e+000
8.050000e-001	1.616269e+000
8.060000e-001	1.616766e+000
8.070000e-001	1.617260e+000
8.080000e-001	1.617752e+000
8.090000e-001	1.618241e+000
8.100000e-001	1.618728e+000
8.110000e-001	1.619212e+000
8.120000e-001	1.619694e+000
8.130000e-001	1.620174e+000
8.140000e-001	1.620651e+000
8.150000e-001	1.621126e+000
8.160000e-001	1.621598e+000
8.170000e-001	1.622068e+000
8.180000e-001	1.622536e+000
8.190000e-001	1.623001e+000
8.200000e-001	1.623464e+000
8.210000e-001	1.623925e+000
8.220000e-001	1.624384e+000
8.230000e-001	1.624840e+000
8.240000e-001	1.625294e+000
8.250000e-001	1.625745e+000
8.260000e-001	1.626195e+000
8.270000e-001	1.626642e+000
8.280000e-001	1.627087e+000
8.290000e-001	1.627529e+000
8.300000e-001	1.627970e+000
8.310000e-001	1.628408e+000
8.320000e-001	1.628844e+000
8.330000e-001	1.629278e+000
8.340000e-001	1.629710e+000
8.350000e-001	1.630140e+000
8.360000e-001	1.630567e+000
8.370000e-001	1.630992e+000
8.380000e-001	1.631416e+000
8.390000e-001	1.631837e+000
8.400000e-001	1.632256e+000
8.410000e-001	1.632673e+000
8.420000e-001	1.633088e+000
8.430000e-001	1.633500e+000
8.440000e-001	1.633911e+000
8.450000e-001	1.634320e+000
8.460000e-001	1.634726e+000
8.470000e-001	1.635131e+000
8.480000e-001	1.635533e+000
8.490000e-001	1.635934e+000
8.500000e-001	1.636333e+000
8.510000e-001	1.636729e+000
8.520000e-001	1.637124e+000
8.530000e-001	1.637516e+000
8.540000e-001	1.637907e+000
8.550000e-001	1.638296e+000
8.560000e-001	1.638683e+000
8.570000e-001	1.639067e+000
8.580000e-001	1.639450e+000
8.590000e-001	1.639831e+000
8.600000e-001	1.640211e+000
8.610000e-001	1.640588e+000
8.620000e-001	1.640963e+000
8.630000e-001	1.641337e+000
8.640000e-001	1.641708e+000
8.650000e-001	1.642078e+000
8.660000e-001	1.642446e+000
8.670000e-001	1.642812e+000
8.680000e-001	1.643176e+000
8.690000e-001	1.643539e+000
8.700000e-001	1.643899e+000
8.710000e-001	1.644258e+000
8.720000e-001	1.644615e+000
8.730000e-001	1.644971e+000
8.740000e-001	1.645324e+000
8.750000e-001	1.645676e+000
8.760000e-001	1.646026e+000
8.770000e-001	1.646374e+000
8.780000e-001	1.646721e+000
8.790000e-001	1.647065e+000
8.800000e-001	1.647408e+000
8.810000e-001	1.647750e+000
8.820000e-001	1.648089e+000
8.830000e-001	1.648427e+000
8.840000e-001	1.648764e+000
8.850000e-001	1.649098e+000
8.860000e-001	1.649431e+000
8.870000e-001	1.649762e+000
8.880000e-001	1.650092e+000
8.890000e-001	1.650420e+000
8.900000e-001	1.650746e+000
8.910000e-001	1.651071e+000
8.920000e-001	1.651394e+000
8.930000e-001	1.651716e+000
8.940000e-001	1.652035e+000
8.950000e-001	1.652354e+000
8.960000e-001	1.652670e+000
8.970000e-001	1.652985e+000
8.980000e-001	1.653299e+000
8.990000e-001	1.653611e+000
9.000000e-001	1.653921e+000
9.010000e-001	1.654230e+000
9.020000e-001	1.654538e+000
9.030000e-001	1.654843e+000
9.040000e-001	1.655148e+000
9.050000e-001	1.655450e+000
9.060000e-001	1.655752e+000
9.070000e-001	1.656051e+000
9.080000e-001	1.656350e+000
9.090000e-001	1.656646e+000
9.100000e-001	1.656942e+000
9.110000e-001	1.657235e+000
9.120000e-001	1.657528e+000
9.130000e-001	1.657819e+000
9.140000e-001	1.658108e+000
9.150000e-001	1.658396e+000
9.160000e-001	1.658683e+000
9.170000e-001	1.658968e+000
9.180000e-001	1.659251e+000
9.190000e-001	1.659534e+000
9.200000e-001	1.659814e+000
9.210000e-001	1.660094e+000
9.220000e-001	1.660372e+000
9.230000e-001	1.660649e+000
9.240000e-001	1.660924e+000
9.250000e-001	1.661198e+000
9.260000e-001	1.661471e+000
9.270000e-001	1.661742e+000
9.280000e-001	1.662012e+000
9.290000e-001	1.662280e+000
9.300000e-001	1.662547e+000
9.310000e-001	1.662813e+000
9.320000e-001	1.663078e+000
9.330000e-001	1.663341e+000
9.340000e-001	1.663603e+000
9.350000e-001	1.663863e+000
9.360000e-001	1.664123e+000
9.370000e-001	1.664381e+000
9.380000e-001	1.664637e+000
9.390000e-001	1.664893e+000
9.400000e-001	1.665147e+000
9.410000e-001	1.665400e+000
9.420000e-001	1.665651e+000
9.430000e-001	1.665902e+000
9.440000e-001	1.666151e+000
9.450000e-001	1.666399e+000
9.460000e-001	1.666645e+000
9.470000e-001	1.666891e+000
9.480000e-001	1.667135e+000
9.490000e-001	1.667378e+000
9.500000e-001	1.667620e+000
9.510000e-001	1.667860e+000
9.520000e-001	1.668099e+000
9.530000e-001	1.668338e+000
9.540000e-001	1.668575e+000
9.550000e-001	1.668810e+000
9.560000e-001	1.669045e+000
9.570000e-001	1.669278e+000
9.580000e-001	1.669511e+000
9.590000e-001	1.669742e+000
9.600000e-001	1.669972e+000
9.610000e-001	1.670201e+000
9.620000e-001	1.670428e+000
9.630000e-001	1.670655e+000
9.640000e-001	1.670880e+000
9.650000e-001	1.671104e+000
9.660000e-001	1.671328e+000
9.670000e-001	1.671550e+000
9.680000e-001	1.671771e+000
9.690000e-001	1.671990e+000
9.700000e-001	1.672209e+000
9.710000e-001	1.672427e+000
9.720000e-001	1.672643e+000
9.730000e-001	1.672859e+000
9.740000e-001	1.673073e+000
9.750000e-001	1.673287e+000
9.760000e-001	1.673499e+000
9.770000e-001	1.673710e+000
9.780000e-001	1.673920e+000
9.790000e-001	1.674129e+000
9.800000e-001	1.674338e+000
9.810000e-001	1.674545e+000
9.820000e-001	1.674751e+000
9.830000e-001	1.674956e+000
9.840000e-001	1.675160e+000
9.850000e-001	1.675362e+000
9.860000e-001	1.675564e+000
9.870000e-001	1.675765e+000
9.880000e-001	1.675965e+000
9.890000e-001	1.676164e+000
9.900000e-001	1.676362e+000
9.910000e-001	1.676559e+000
9.920000e-001	1.676755e+000
9.930000e-001	1.676950e+000
9.940000e-001	1.677144e+000
9.950000e-001	1.677337e+000
9.960000e-001	1.677529e+000
9.970000e-001	1.677720e+000
9.980000e-001	1.677910e+000
9.990000e-001	1.678100e+000
1.000000e+000	1.678288e+000
1.001000e+000	1.678475e+000
1.002000e+000	1.678662e+000
1.003000e+000	1.678847e+000
1.004000e+000	1.679032e+000
1.005000e+000	1.679215e+000
1.006000e+000	1.679398e+000
1.007000e+000	1.679580e+000
1.008000e+000	1.679761e+000
1.009000e+000	1.679941e+000
1.010000e+000	1.680120e+000
1.011000e+000	1.680298e+000
1.012000e+000	1.680475e+000
1.013000e+000	1.680652e+000
1.014000e+000	1.680827e+000
1.015000e+000	1.681002e+000
1.016000e+000	1.681176e+000
1.017000e+000	1.681349e+000
1.018000e+000	1.681521e+000
1.019000e+000	1.681692e+000
1.020000e+000	1.681862e+000
1.021000e+000	1.682032e+000
1.022000e+000	1.682201e+000
1.023000e+000	1.682368e+000
1.024000e+000	1.682535e+000
1.025000e+000	1.682701e+000
1.026000e+000	1.682867e+000
1.027000e+000	1.683031e+000
1.028000e+000	1.683195e+000
1.029000e+000	1.683358e+000
1.030000e+000	1.683520e+000
1.031000e+000	1.683681e+000
1.032000e+000	1.683842e+000
1.033000e+000	1.684001e+000
1.034000e+000	1.684160e+000
1.035000e+000	1.684318e+000
1.036000e+000	1.684475e+000
1.037000e+000	1.684632e+000
1.038000e+000	1.684788e+000
1.039000e+000	1.684943e+000
1.040000e+000	1.685097e+000
1.041000e+000	1.685250e+000
1.042000e+000	1.685403e+000
1.043000e+000	1.685555e+000
1.044000e+000	1.685706e+000
1.045000e+000	1.685856e+000
1.046000e+000	1.686006e+000
1.047000e+000	1.686154e+000
1.048000e+000	1.686302e+000
1.049000e+000	1.686450e+000
1.050000e+000	1.686596e+000
1.051000e+000	1.686742e+000
1.052000e+000	1.686888e+000
1.053000e+000	1.687032e+000
1.054000e+000	1.687176e+000
1.055000e+000	1.687319e+000
1.056000e+000	1.687461e+000
1.057000e+000	1.687603e+000
1.058000e+000	1.687744e+000
1.059000e+000	1.687884e+000
1.060000e+000	1.688023e+000
1.061000e+000	1.688162e+000
1.062000e+000	1.688300e+000
1.063000e+000	1.688437e+000
1.064000e+000	1.688574e+000
1.065000e+000	1.688710e+000
1.066000e+000	1.688846e+000
1.067000e+000	1.688980e+000
1.068000e+000	1.689114e+000
1.069000e+000	1.689248e+000
1.070000e+000	1.689380e+000
1.071000e+000	1.689512e+000
1.072000e+000	1.689644e+000
1.073000e+000	1.689774e+000
1.074000e+000	1.689904e+000
1.075000e+000	1.690034e+000
1.076000e+000	1.690163e+000
1.077000e+000	1.690291e+000
1.078000e+000	1.690418e+000
1.079000e+000	1.690545e+000
1.080000e+000	1.690671e+000
1.081000e+000	1.690797e+000
1.082000e+000	1.690922e+000
1.083000e+000	1.691046e+000
1.084000e+000	1.691170e+000
1.085000e+000	1.691293e+000
1.086000e+000	1.691415e+000
1.087000e+000	1.691537e+000
1.088000e+000	1.691658e+000
1.089000e+000	1.691779e+000
1.090000e+000	1.691899e+000
1.091000e+000	1.692019e+000
1.092000e+000	1.692137e+000
1.093000e+000	1.692256e+000
1.094000e+000	1.692373e+000
1.095000e+000	1.692491e+000
1.096000e+000	1.692607e+000
1.097000e+000	1.692723e+000
1.098000e+000	1.692838e+000
1.099000e+000	1.692953e+000
1.100000e+000	1.693067e+000
1.101000e+000	1.693181e+000
1.102000e+000	1.693294e+000
1.103000e+000	1.693406e+000
1.104000e+000	1.693518e+000
1.105000e+000	1.693630e+000
1.106000e+000	1.693741e+000
1.107000e+000	1.693851e+000
1.108000e+000	1.693961e+000
1.109000e+000	1.694070e+000
1.110000e+000	1.694178e+000
1.111000e+000	1.694286e+000
1.112000e+000	1.694394e+000
1.113000e+000	1.694501e+000
1.114000e+000	1.694608e+000
1.115000e+000	1.694713e+000
1.116000e+000	1.694819e+000
1.117000e+000	1.694924e+000
1.118000e+000	1.695028e+000
1.119000e+000	1.695132e+000
1.120000e+000	1.695235e+000
1.121000e+000	1.695338e+000
1.122000e+000	1.695440e+000
1.123000e+000	1.695542e+000
1.124000e+000	1.695644e+000
1.125000e+000	1.695744e+000
1.126000e+000	1.695845e+000
1.127000e+000	1.695944e+000
1.128000e+000	1.696044e+000
1.129000e+000	1.696142e+000
1.130000e+000	1.696241e+000
1.131000e+000	1.696339e+000
1.132000e+000	1.696436e+000
1.133000e+000	1.696533e+000
1.134000e+000	1.696629e+000
1.135000e+000	1.696725e+000
1.136000e+000	1.696820e+000
1.137000e+000	1.696915e+000
1.138000e+000	1.697010e+000
1.139000e+000	1.697104e+000
1.140000e+000	1.697197e+000
1.141000e+000	1.697290e+000
1.142000e+000	1.697383e+000
1.143000e+000	1.697475e+000
1.144000e+000	1.697566e+000
1.145000e+000	1.697658e+000
1.146000e+000	1.697748e+000
1.147000e+000	1.697839e+000
1.148000e+000	1.697928e+000
1.149000e+000	1.698018e+000
1.150000e+000	1.698107e+000
1.151000e+000	1.698195e+000
1.152000e+000	1.698283e+000
1.153000e+000	1.698371e+000
1.154000e+000	1.698458e+000
1.155000e+000	1.698545e+000
1.156000e+000	1.698631e+000
1.157000e+000	1.698717e+000
1.158000e+000	1.698802e+000
1.159000e+000	1.698888e+000
1.160000e+000	1.698972e+000
1.161000e+000	1.699056e+000
1.162000e+000	1.699140e+000
1.163000e+000	1.699223e+000
1.164000e+000	1.699306e+000
1.165000e+000	1.699389e+000
1.166000e+000	1.699471e+000
1.167000e+000	1.699553e+000
1.168000e+000	1.699634e+000
1.169000e+000	1.699715e+000
1.170000e+000	1.699795e+000
1.171000e+000	1.699875e+000
1.172000e+000	1.699955e+000
1.173000e+000	1.700034e+000
1.174000e+000	1.700113e+000
1.175000e+000	1.700192e+000
1.176000e+000	1.700270e+000
1.177000e+000	1.700347e+000
1.178000e+000	1.700425e+000
1.179000e+000	1.700502e+000
1.180000e+000	1.700578e+000
1.181000e+000	1.700654e+000
1.182000e+000	1.700730e+000
1.183000e+000	1.700806e+000
1.184000e+000	1.700881e+000
1.185000e+000	1.700955e+000
1.186000e+000	1.701030e+000
1.187000e+000	1.701104e+000
1.188000e+000	1.701177e+000
1.189000e+000	1.701250e+000
1.190000e+000	1.701323e+000
1.191000e+000	1.701396e+000
1.192000e+000	1.701468e+000
1.193000e+000	1.701539e+000
1.194000e+000	1.701611e+000
1.195000e+000	1.701682e+000
1.196000e+000	1.701752e+000
1.197000e+000	1.701823e+000
1.198000e+000	1.701893e+000
1.199000e+000	1.701962e+000
1.200000e+000	1.702032e+000
1.201000e+000	1.702100e+000
1.202000e+000	1.702169e+000
1.203000e+000	1.702237e+000
1.204000e+000	1.702305e+000
1.205000e+000	1.702373e+000
1.206000e+000	1.702440e+000
1.207000e+000	1.702507e+000
1.208000e+000	1.702573e+000
1.209000e+000	1.702640e+000
1.210000e+000	1.702706e+000
1.211000e+000	1.702771e+000
1.212000e+000	1.702836e+000
1.213000e+000	1.702901e+000
1.214000e+000	1.702966e+000
1.215000e+000	1.703030e+000
1.216000e+000	1.703094e+000
1.217000e+000	1.703158e+000
1.218000e+000	1.703221e+000
1.219000e+000	1.703284e+000
1.220000e+000	1.703347e+000
1.221000e+000	1.703409e+000
1.222000e+000	1.703471e+000
1.223000e+000	1.703533e+000
1.224000e+000	1.703594e+000
1.225000e+000	1.703655e+000
1.226000e+000	1.703716e+000
1.227000e+000	1.703777e+000
1.228000e+000	1.703837e+000
1.229000e+000	1.703897e+000
1.230000e+000	1.703956e+000
1.231000e+000	1.704016e+000
1.232000e+000	1.704075e+000
1.233000e+000	1.704133e+000
1.234000e+000	1.704192e+000
1.235000e+000	1.704250e+000
1.236000e+000	1.704308e+000
1.237000e+000	1.704365e+000
1.238000e+000	1.704423e+000
1.239000e+000	1.704480e+000
1.240000e+000	1.704536e+000
1.241000e+000	1.704593e+000
1.242000e+000	1.704649e+000
1.243000e+000	1.704705e+000
1.244000e+000	1.704760e+000
1.245000e+000	1.704816e+000
1.246000e+000	1.704871e+000
