t	u	
0.000000	0.000000	
0.000010	0.605736	
0.000020	1.174779	
0.000030	1.709343	
0.000040	2.211510	
0.000050	2.683237	
0.000060	3.126367	
0.000070	3.542619	
0.000080	3.933333	
0.000090	4.300354	
0.000100	4.642658	
0.000110	4.966655	
0.000120	5.271148	
0.000130	5.557489	
0.000140	5.826519	
0.000150	6.079271	
0.000160	6.316723	
0.000170	6.539799	
0.000180	6.749366	
0.000190	6.946240	
0.000200	7.131190	
0.000210	7.304940	
0.000220	7.468167	
0.000230	7.621507	
0.000240	7.765558	
0.000250	7.900885	
0.000260	8.028015	
0.000270	8.147444	
0.000280	8.259635	
0.000290	8.365026	
0.000300	8.464027	
0.000310	8.556936	
0.000320	8.644217	
0.000330	8.726195	
0.000340	8.802708	
0.000350	8.875112	
0.000360	8.943149	
0.000370	9.007140	
0.000380	9.067263	
0.000390	9.123748	
0.000400	9.176814	
0.000410	9.226668	
0.000420	9.273503	
0.000430	9.317502	
0.000440	9.358836	
0.000450	9.397666	
0.000460	9.434145	
0.000470	9.468415	
0.000480	9.500609	
0.000490	9.530853	
0.000500	9.559265	
0.000510	9.585956	
0.000520	9.611031	
0.000530	9.634586	
0.000540	9.656713	
0.000550	9.677498	
0.000560	9.697003	
0.000570	9.715327	
0.000580	9.732538	
0.000590	9.748592	
0.000600	9.763790	
0.000610	9.778073	
0.000620	9.791494	
0.000630	9.804118	
0.000640	9.815979	
0.000650	9.827122	
0.000660	9.837591	
0.000670	9.847426	
0.000680	9.856665	
0.000690	9.865345	
0.000700	9.873499	
0.000710	9.881160	
0.000720	9.888356	
0.000730	9.895117	
0.000740	9.901468	
0.000750	9.907434	
0.000760	9.913040	
0.000770	9.918305	
0.000780	9.923252	
0.000790	9.927899	
0.000800	9.932258	
0.000810	9.936354	
0.000820	9.940202	
0.000830	9.943816	
0.000840	9.947187	
0.000850	9.950381	
0.000860	9.953381	
0.000870	9.956199	
0.000880	9.958851	
0.000890	9.961342	
0.000900	9.963683	
0.000910	9.965882	
0.000920	9.967948	
0.000930	9.969889	
0.000940	9.971712	
0.000950	9.973425	
0.000960	9.975034	
0.000970	9.976545	
0.000980	9.977966	
0.000990	9.979300	
0.001000	9.980553	
0.001010	9.981731	
0.001020	9.982837	
0.001030	9.983876	
0.001040	9.984852	
0.001050	9.985768	
0.001060	9.986628	
0.001070	9.987436	
0.001080	9.988195	
0.001090	9.988902	
0.001100	9.989572	
0.001110	9.990203	
0.001120	9.990795	
0.001130	9.991352	
0.001140	9.991875	
0.001150	9.992367	
0.001160	9.992829	
0.001170	9.993264	
0.001180	9.993671	
0.001190	9.994054	
0.001200	9.994414	
0.001210	9.994753	
0.001220	9.995070	
0.001230	9.995369	
0.001240	9.995649	
0.001250	9.995912	
0.001260	9.996160	
0.001270	9.996392	
0.001280	9.996611	
0.001290	9.996816	
0.001300	9.997008	
0.001310	9.997189	
0.001320	9.997359	
0.001330	9.997518	
0.001340	9.997667	
0.001350	9.997808	
0.001360	9.997941	
0.001370	9.998065	
0.001380	9.998182	
0.001390	9.998292	
0.001400	9.998395	
0.001410	9.998493	
0.001420	9.998584	
0.001430	9.998670	
0.001440	9.998750	
0.001450	9.998826	
0.001460	9.998897	
0.001470	9.998964	
0.001480	9.999026	
0.001490	9.999085	
0.001500	9.999141	
0.001510	9.999193	
0.001520	9.999242	
0.001530	9.999287	
0.001540	9.999330	
0.001550	9.999371	
0.001560	9.999409	
0.001570	9.999445	
0.001580	9.999478	
0.001590	9.999509	
0.001600	9.999539	
0.001610	9.999567	
0.001620	9.999593	
0.001630	9.999618	
0.001640	9.999641	
0.001650	9.999662	
0.001660	9.999683	
0.001670	9.999702	
0.001680	9.999720	
0.001690	9.999737	
0.001700	9.999753	
0.001710	9.999768	
0.001720	9.999782	
0.001730	9.999795	
0.001740	9.999808	
0.001750	9.999819	
0.001760	9.999830	
0.001770	9.999840	
0.001780	9.999850	
0.001790	9.999859	
0.001800	9.999868	
0.001810	9.999876	
0.001820	9.999883	
0.001830	9.999890	
0.001840	9.999897	
0.001850	9.999903	
0.001860	9.999909	
0.001870	9.999914	
0.001880	9.999919	
0.001890	9.999924	
0.001900	9.999929	
0.001910	9.999933	
0.001920	9.999937	
0.001930	9.999941	
0.001940	9.999945	
0.001950	9.999948	
0.001960	9.999951	
0.001970	9.999954	
0.001980	9.999957	
0.001990	9.999959	
0.002000	9.999962	
0.002010	9.999964	
0.002020	9.999966	
0.002030	9.999968	
0.002040	9.999970	
0.002050	9.999972	
0.002060	9.999974	
0.002070	9.999975	
0.002080	9.999977	
0.002090	9.999978	
0.002100	9.999980	
0.002110	9.999981	
0.002120	9.999982	
0.002130	9.999983	
0.002140	9.999984	
0.002150	9.999985	
0.002160	9.999986	
0.002170	9.999987	
0.002180	9.999988	
0.002190	9.999988	
0.002200	9.999989	
0.002210	9.999990	
0.002220	9.999990	
0.002230	9.999991	
0.002240	9.999991	
0.002250	9.999992	
0.002260	9.999992	
0.002270	9.999993	
0.002280	9.999993	
0.002290	9.999994	
0.002300	9.999994	
0.002310	9.999994	
0.002320	9.999995	
0.002330	9.999995	
0.002340	9.999995	
0.002350	9.999996	
0.002360	9.999996	
0.002370	9.999996	
0.002380	9.999996	
0.002390	9.999997	
0.002400	9.999997	
0.002410	9.999997	
0.002420	9.999997	
0.002430	9.999997	
0.002440	9.999998	
0.002450	9.999998	
0.002460	9.999998	
0.002470	9.999998	
0.002480	9.999998	
0.002490	9.999998	
0.002500	9.999998	
0.002510	9.999998	
0.002520	9.999999	
0.002530	9.999999	
0.002540	9.999999	
0.002550	9.999999	
0.002560	9.999999	
0.002570	9.999999	
0.002580	9.999999	
0.002590	9.999999	
0.002600	9.999999	
0.002610	9.999999	
0.002620	9.999999	
0.002630	9.999999	
0.002640	9.999999	
0.002650	9.999999	
0.002660	9.999999	
0.002670	9.999999	
0.002680	9.999999	
0.002690	9.999999	
0.002700	10.000000	
0.002710	10.000000	
0.002720	10.000000	
0.002730	10.000000	
0.002740	10.000000	
0.002750	10.000000	
0.002760	10.000000	
0.002770	10.000000	
0.002780	10.000000	
0.002790	10.000000	
0.002800	10.000000	
0.002810	10.000000	
0.002820	10.000000	
0.002830	10.000000	
0.002840	10.000000	
0.002850	10.000000	
0.002860	10.000000	
0.002870	10.000000	
0.002880	10.000000	
0.002890	10.000000	
0.002900	10.000000	
0.002910	10.000000	
0.002920	10.000000	
0.002930	10.000000	
0.002940	10.000000	
0.002950	10.000000	
0.002960	10.000000	
0.002970	10.000000	
0.002980	10.000000	
0.002990	10.000000	
0.003000	10.000000	
0.003010	10.000000	
0.003020	10.000000	
0.003030	10.000000	
0.003040	10.000000	
0.003050	10.000000	
0.003060	10.000000	
0.003070	10.000000	
0.003080	10.000000	
0.003090	10.000000	
0.003100	10.000000	
0.003110	10.000000	
0.003120	10.000000	
0.003130	10.000000	
0.003140	10.000000	
0.003150	10.000000	
0.003160	10.000000	
0.003170	10.000000	
0.003180	10.000000	
0.003190	10.000000	
0.003200	10.000000	
0.003210	10.000000	
0.003220	10.000000	
0.003230	10.000000	
0.003240	10.000000	
0.003250	10.000000	
0.003260	10.000000	
0.003270	10.000000	
0.003280	10.000000	
0.003290	10.000000	
0.003300	10.000000	
0.003310	10.000000	
0.003320	10.000000	
0.003330	10.000000	
0.003340	10.000000	
0.003350	10.000000	
0.003360	10.000000	
0.003370	10.000000	
0.003380	10.000000	
0.003390	10.000000	
0.003400	10.000000	
0.003410	10.000000	
0.003420	10.000000	
0.003430	10.000000	
0.003440	10.000000	
0.003450	10.000000	
0.003460	10.000000	
0.003470	10.000000	
0.003480	10.000000	
0.003490	10.000000	
0.003500	10.000000	
0.003510	10.000000	
0.003520	10.000000	
0.003530	10.000000	
0.003540	10.000000	
0.003550	10.000000	
0.003560	10.000000	
0.003570	10.000000	
0.003580	10.000000	
0.003590	10.000000	
0.003600	10.000000	
0.003610	10.000000	
0.003620	10.000000	
0.003630	10.000000	
0.003640	10.000000	
0.003650	10.000000	
0.003660	10.000000	
0.003670	10.000000	
0.003680	10.000000	
0.003690	10.000000	
0.003700	10.000000	
0.003710	10.000000	
0.003720	10.000000	
0.003730	10.000000	
0.003740	10.000000	
0.003750	10.000000	
0.003760	10.000000	
0.003770	10.000000	
0.003780	10.000000	
0.003790	10.000000	
0.003800	10.000000	
0.003810	10.000000	
0.003820	10.000000	
0.003830	10.000000	
0.003840	10.000000	
0.003850	10.000000	
0.003860	10.000000	
0.003870	10.000000	
0.003880	10.000000	
0.003890	10.000000	
0.003900	10.000000	
0.003910	10.000000	
0.003920	10.000000	
0.003930	10.000000	
0.003940	10.000000	
0.003950	10.000000	
0.003960	10.000000	
0.003970	10.000000	
0.003980	10.000000	
0.003990	10.000000	
0.004000	10.000000	
0.004010	10.000000	
0.004020	10.000000	
0.004030	10.000000	
0.004040	10.000000	
0.004050	10.000000	
0.004060	10.000000	
0.004070	10.000000	
0.004080	10.000000	
0.004090	10.000000	
0.004100	10.000000	
0.004110	10.000000	
0.004120	10.000000	
0.004130	10.000000	
0.004140	10.000000	
0.004150	10.000000	
0.004160	10.000000	
0.004170	10.000000	
0.004180	10.000000	
0.004190	10.000000	
0.004200	10.000000	
0.004210	10.000000	
0.004220	10.000000	
0.004230	10.000000	
0.004240	10.000000	
0.004250	10.000000	
0.004260	10.000000	
0.004270	10.000000	
0.004280	10.000000	
0.004290	10.000000	
0.004300	10.000000	
0.004310	10.000000	
0.004320	10.000000	
0.004330	10.000000	
0.004340	10.000000	
0.004350	10.000000	
0.004360	10.000000	
0.004370	10.000000	
0.004380	10.000000	
0.004390	10.000000	
0.004400	10.000000	
0.004410	10.000000	
0.004420	10.000000	
0.004430	10.000000	
0.004440	10.000000	
0.004450	10.000000	
0.004460	10.000000	
0.004470	10.000000	
0.004480	10.000000	
0.004490	10.000000	
0.004500	10.000000	
0.004510	10.000000	
0.004520	10.000000	
0.004530	10.000000	
0.004540	10.000000	
0.004550	10.000000	
0.004560	10.000000	
0.004570	10.000000	
0.004580	10.000000	
0.004590	10.000000	
0.004600	10.000000	
0.004610	10.000000	
0.004620	10.000000	
0.004630	10.000000	
0.004640	10.000000	
0.004650	10.000000	
0.004660	10.000000	
0.004670	10.000000	
0.004680	10.000000	
0.004690	10.000000	
0.004700	10.000000	
0.004710	10.000000	
0.004720	10.000000	
0.004730	10.000000	
0.004740	10.000000	
0.004750	10.000000	
0.004760	10.000000	
0.004770	10.000000	
0.004780	10.000000	
0.004790	10.000000	
0.004800	10.000000	
0.004810	10.000000	
0.004820	10.000000	
0.004830	10.000000	
0.004840	10.000000	
0.004850	10.000000	
0.004860	10.000000	
0.004870	10.000000	
0.004880	10.000000	
0.004890	10.000000	
0.004900	10.000000	
0.004910	10.000000	
0.004920	10.000000	
0.004930	10.000000	
0.004940	10.000000	
0.004950	10.000000	
0.004960	10.000000	
0.004970	10.000000	
0.004980	10.000000	
0.004990	10.000000	
0.005000	10.000000	
0.005010	10.000000	
0.005020	10.000000	
0.005030	10.000000	
0.005040	10.000000	
0.005050	10.000000	
0.005060	10.000000	
0.005070	10.000000	
0.005080	10.000000	
0.005090	10.000000	
0.005100	10.000000	
0.005110	10.000000	
0.005120	10.000000	
0.005130	10.000000	
0.005140	10.000000	
0.005150	10.000000	
0.005160	10.000000	
0.005170	10.000000	
0.005180	10.000000	
0.005190	10.000000	
0.005200	10.000000	
0.005210	10.000000	
0.005220	10.000000	
0.005230	10.000000	
0.005240	10.000000	
0.005250	10.000000	
0.005260	10.000000	
0.005270	10.000000	
0.005280	10.000000	
0.005290	10.000000	
0.005300	10.000000	
0.005310	10.000000	
0.005320	10.000000	
0.005330	10.000000	
0.005340	10.000000	
0.005350	10.000000	
0.005360	10.000000	
0.005370	10.000000	
0.005380	10.000000	
0.005390	10.000000	
0.005400	10.000000	
0.005410	10.000000	
0.005420	10.000000	
0.005430	10.000000	
0.005440	10.000000	
0.005450	10.000000	
0.005460	10.000000	
0.005470	10.000000	
0.005480	10.000000	
0.005490	10.000000	
0.005500	10.000000	
0.005510	10.000000	
0.005520	10.000000	
0.005530	10.000000	
0.005540	10.000000	
0.005550	10.000000	
0.005560	10.000000	
0.005570	10.000000	
0.005580	10.000000	
0.005590	10.000000	
0.005600	10.000000	
0.005610	10.000000	
0.005620	10.000000	
0.005630	10.000000	
0.005640	10.000000	
0.005650	10.000000	
0.005660	10.000000	
0.005670	10.000000	
0.005680	10.000000	
0.005690	10.000000	
0.005700	10.000000	
0.005710	10.000000	
0.005720	10.000000	
0.005730	10.000000	
0.005740	10.000000	
0.005750	10.000000	
0.005760	10.000000	
0.005770	10.000000	
0.005780	10.000000	
0.005790	10.000000	
0.005800	10.000000	
0.005810	10.000000	
0.005820	10.000000	
0.005830	10.000000	
0.005840	10.000000	
0.005850	10.000000	
0.005860	10.000000	
0.005870	10.000000	
0.005880	10.000000	
0.005890	10.000000	
0.005900	10.000000	
0.005910	10.000000	
0.005920	10.000000	
0.005930	10.000000	
0.005940	10.000000	
0.005950	10.000000	
0.005960	10.000000	
0.005970	10.000000	
0.005980	10.000000	
0.005990	10.000000	
0.006000	10.000000	
0.006010	10.000000	
0.006020	10.000000	
0.006030	10.000000	
0.006040	10.000000	
0.006050	10.000000	
0.006060	10.000000	
0.006070	10.000000	
0.006080	10.000000	
0.006090	10.000000	
0.006100	10.000000	
0.006110	10.000000	
0.006120	10.000000	
0.006130	10.000000	
0.006140	10.000000	
0.006150	10.000000	
0.006160	10.000000	
0.006170	10.000000	
0.006180	10.000000	
0.006190	10.000000	
0.006200	10.000000	
0.006210	10.000000	
0.006220	10.000000	
0.006230	10.000000	
0.006240	10.000000	
0.006250	10.000000	
0.006260	10.000000	
0.006270	10.000000	
0.006280	10.000000	
0.006290	10.000000	
0.006300	10.000000	
0.006310	10.000000	
0.006320	10.000000	
0.006330	10.000000	
0.006340	10.000000	
0.006350	10.000000	
0.006360	10.000000	
0.006370	10.000000	
0.006380	10.000000	
0.006390	10.000000	
0.006400	10.000000	
0.006410	10.000000	
0.006420	10.000000	
0.006430	10.000000	
0.006440	10.000000	
0.006450	10.000000	
0.006460	10.000000	
0.006470	10.000000	
0.006480	10.000000	
0.006490	10.000000	
0.006500	10.000000	
0.006510	10.000000	
0.006520	10.000000	
0.006530	10.000000	
0.006540	10.000000	
0.006550	10.000000	
0.006560	10.000000	
0.006570	10.000000	
0.006580	10.000000	
0.006590	10.000000	
0.006600	10.000000	
0.006610	10.000000	
0.006620	10.000000	
0.006630	10.000000	
0.006640	10.000000	
0.006650	10.000000	
0.006660	10.000000	
0.006670	10.000000	
0.006680	10.000000	
0.006690	10.000000	
0.006700	10.000000	
0.006710	10.000000	
0.006720	10.000000	
0.006730	10.000000	
0.006740	10.000000	
0.006750	10.000000	
0.006760	10.000000	
0.006770	10.000000	
0.006780	10.000000	
0.006790	10.000000	
0.006800	10.000000	
0.006810	10.000000	
0.006820	10.000000	
0.006830	10.000000	
0.006840	10.000000	
0.006850	10.000000	
0.006860	10.000000	
0.006870	10.000000	
0.006880	10.000000	
0.006890	10.000000	
0.006900	10.000000	
0.006910	10.000000	
0.006920	10.000000	
0.006930	10.000000	
0.006940	10.000000	
0.006950	10.000000	
0.006960	10.000000	
0.006970	10.000000	
0.006980	10.000000	
0.006990	10.000000	
0.007000	10.000000	
0.007010	10.000000	
0.007020	10.000000	
0.007030	10.000000	
0.007040	10.000000	
0.007050	10.000000	
0.007060	10.000000	
0.007070	10.000000	
0.007080	10.000000	
0.007090	10.000000	
0.007100	10.000000	
0.007110	10.000000	
0.007120	10.000000	
0.007130	10.000000	
0.007140	10.000000	
0.007150	10.000000	
0.007160	10.000000	
0.007170	10.000000	
0.007180	10.000000	
0.007190	10.000000	
0.007200	10.000000	
0.007210	10.000000	
0.007220	10.000000	
0.007230	10.000000	
0.007240	10.000000	
0.007250	10.000000	
0.007260	10.000000	
0.007270	10.000000	
0.007280	10.000000	
0.007290	10.000000	
0.007300	10.000000	
0.007310	10.000000	
0.007320	10.000000	
0.007330	10.000000	
0.007340	10.000000	
0.007350	10.000000	
0.007360	10.000000	
0.007370	10.000000	
0.007380	10.000000	
0.007390	10.000000	
0.007400	10.000000	
0.007410	10.000000	
0.007420	10.000000	
0.007430	10.000000	
0.007440	10.000000	
0.007450	10.000000	
0.007460	10.000000	
0.007470	10.000000	
0.007480	10.000000	
0.007490	10.000000	
0.007500	10.000000	
0.007510	10.000000	
0.007520	10.000000	
0.007530	10.000000	
0.007540	10.000000	
0.007550	10.000000	
0.007560	10.000000	
0.007570	10.000000	
0.007580	10.000000	
0.007590	10.000000	
0.007600	10.000000	
0.007610	10.000000	
0.007620	10.000000	
0.007630	10.000000	
0.007640	10.000000	
0.007650	10.000000	
0.007660	10.000000	
0.007670	10.000000	
0.007680	10.000000	
0.007690	10.000000	
0.007700	10.000000	
0.007710	10.000000	
0.007720	10.000000	
0.007730	10.000000	
0.007740	10.000000	
0.007750	10.000000	
0.007760	10.000000	
0.007770	10.000000	
0.007780	10.000000	
0.007790	10.000000	
0.007800	10.000000	
0.007810	10.000000	
0.007820	10.000000	
0.007830	10.000000	
0.007840	10.000000	
0.007850	10.000000	
0.007860	10.000000	
0.007870	10.000000	
0.007880	10.000000	
0.007890	10.000000	
0.007900	10.000000	
0.007910	10.000000	
0.007920	10.000000	
0.007930	10.000000	
0.007940	10.000000	
0.007950	10.000000	
0.007960	10.000000	
0.007970	10.000000	
0.007980	10.000000	
0.007990	10.000000	
0.008000	10.000000	
0.008010	10.000000	
0.008020	10.000000	
0.008030	10.000000	
0.008040	10.000000	
0.008050	10.000000	
0.008060	10.000000	
0.008070	10.000000	
0.008080	10.000000	
0.008090	10.000000	
0.008100	10.000000	
0.008110	10.000000	
0.008120	10.000000	
0.008130	10.000000	
0.008140	10.000000	
0.008150	10.000000	
0.008160	10.000000	
0.008170	10.000000	
0.008180	10.000000	
0.008190	10.000000	
0.008200	10.000000	
0.008210	10.000000	
0.008220	10.000000	
0.008230	10.000000	
0.008240	10.000000	
0.008250	10.000000	
0.008260	10.000000	
0.008270	10.000000	
0.008280	10.000000	
0.008290	10.000000	
0.008300	10.000000	
0.008310	10.000000	
0.008320	10.000000	
0.008330	10.000000	
0.008340	10.000000	
0.008350	10.000000	
0.008360	10.000000	
0.008370	10.000000	
0.008380	10.000000	
0.008390	10.000000	
0.008400	10.000000	
0.008410	10.000000	
0.008420	10.000000	
0.008430	10.000000	
0.008440	10.000000	
0.008450	10.000000	
0.008460	10.000000	
0.008470	10.000000	
0.008480	10.000000	
0.008490	10.000000	
0.008500	10.000000	
0.008510	10.000000	
0.008520	10.000000	
0.008530	10.000000	
0.008540	10.000000	
0.008550	10.000000	
0.008560	10.000000	
0.008570	10.000000	
0.008580	10.000000	
0.008590	10.000000	
0.008600	10.000000	
0.008610	10.000000	
0.008620	10.000000	
0.008630	10.000000	
0.008640	10.000000	
0.008650	10.000000	
0.008660	10.000000	
0.008670	10.000000	
0.008680	10.000000	
0.008690	10.000000	
0.008700	10.000000	
0.008710	10.000000	
0.008720	10.000000	
0.008730	10.000000	
0.008740	10.000000	
0.008750	10.000000	
0.008760	10.000000	
0.008770	10.000000	
0.008780	10.000000	
0.008790	10.000000	
0.008800	10.000000	
0.008810	10.000000	
0.008820	10.000000	
0.008830	10.000000	
0.008840	10.000000	
0.008850	10.000000	
0.008860	10.000000	
0.008870	10.000000	
0.008880	10.000000	
0.008890	10.000000	
0.008900	10.000000	
0.008910	10.000000	
0.008920	10.000000	
0.008930	10.000000	
0.008940	10.000000	
0.008950	10.000000	
0.008960	10.000000	
0.008970	10.000000	
0.008980	10.000000	
0.008990	10.000000	
0.009000	10.000000	
0.009010	10.000000	
0.009020	10.000000	
0.009030	10.000000	
0.009040	10.000000	
0.009050	10.000000	
0.009060	10.000000	
0.009070	10.000000	
0.009080	10.000000	
0.009090	10.000000	
0.009100	10.000000	
0.009110	10.000000	
0.009120	10.000000	
0.009130	10.000000	
0.009140	10.000000	
0.009150	10.000000	
0.009160	10.000000	
0.009170	10.000000	
0.009180	10.000000	
0.009190	10.000000	
0.009200	10.000000	
0.009210	10.000000	
0.009220	10.000000	
0.009230	10.000000	
0.009240	10.000000	
0.009250	10.000000	
0.009260	10.000000	
0.009270	10.000000	
0.009280	10.000000	
0.009290	10.000000	
0.009300	10.000000	
0.009310	10.000000	
0.009320	10.000000	
0.009330	10.000000	
0.009340	10.000000	
0.009350	10.000000	
0.009360	10.000000	
0.009370	10.000000	
0.009380	10.000000	
0.009390	10.000000	
0.009400	10.000000	
0.009410	10.000000	
0.009420	10.000000	
0.009430	10.000000	
0.009440	10.000000	
0.009450	10.000000	
0.009460	10.000000	
0.009470	10.000000	
0.009480	10.000000	
0.009490	10.000000	
0.009500	10.000000	
0.009510	10.000000	
0.009520	10.000000	
0.009530	10.000000	
0.009540	10.000000	
0.009550	10.000000	
0.009560	10.000000	
0.009570	10.000000	
0.009580	10.000000	
0.009590	10.000000	
0.009600	10.000000	
0.009610	10.000000	
0.009620	10.000000	
0.009630	10.000000	
0.009640	10.000000	
0.009650	10.000000	
0.009660	10.000000	
0.009670	10.000000	
0.009680	10.000000	
0.009690	10.000000	
0.009700	10.000000	
0.009710	10.000000	
0.009720	10.000000	
0.009730	10.000000	
0.009740	10.000000	
0.009750	10.000000	
0.009760	10.000000	
0.009770	10.000000	
0.009780	10.000000	
0.009790	10.000000	
0.009800	10.000000	
0.009810	10.000000	
0.009820	10.000000	
0.009830	10.000000	
0.009840	10.000000	
0.009850	10.000000	
0.009860	10.000000	
0.009870	10.000000	
0.009880	10.000000	
0.009890	10.000000	
0.009900	10.000000	
0.009910	10.000000	
0.009920	10.000000	
0.009930	10.000000	
0.009940	10.000000	
0.009950	10.000000	
0.009960	10.000000	
0.009970	10.000000	
0.009980	10.000000	
0.009990	10.000000	
