t	u	
0.000000	0.000000	
0.000010	0.206126	
0.000020	0.408001	
0.000030	0.605716	
0.000040	0.799353	
0.000050	0.988996	
0.000060	1.174726	
0.000070	1.356620	
0.000080	1.534665	
0.000090	1.709038	
0.000100	1.879808	
0.000110	2.047096	
0.000120	2.210390	
0.000130	2.370807	
0.000140	2.527942	
0.000150	2.681843	
0.000160	2.832667	
0.000170	2.980389	
0.000180	3.125071	
0.000190	3.266772	
0.000200	3.405553	
0.000210	3.541472	
0.000220	3.674588	
0.000230	3.804959	
0.000240	3.932643	
0.000250	4.057695	
0.000260	4.180172	
0.000270	4.300125	
0.000280	4.417606	
0.000290	4.532663	
0.000300	4.645346	
0.000310	4.755703	
0.000320	4.863712	
0.000330	4.969497	
0.000340	5.073099	
0.000350	5.174554	
0.000360	5.273484	
0.000370	5.370780	
0.000380	5.466105	
0.000390	5.559475	
0.000400	5.650923	
0.000410	5.740551	
0.000420	5.828336	
0.000430	5.914314	
0.000440	5.998521	
0.000450	6.080992	
0.000460	6.161763	
0.000470	6.240867	
0.000480	6.318341	
0.000490	6.394218	
0.000500	6.468532	
0.000510	6.541315	
0.000520	6.612599	
0.000530	6.682413	
0.000540	6.750787	
0.000550	6.817750	
0.000560	6.883330	
0.000570	6.947511	
0.000580	7.010369	
0.000590	7.071931	
0.000600	7.132223	
0.000610	7.191116	
0.000620	7.248825	
0.000630	7.305470	
0.000640	7.360956	
0.000650	7.415301	
0.000660	7.468562	
0.000670	7.520729	
0.000680	7.571822	
0.000690	7.621863	
0.000700	7.670872	
0.000710	7.718871	
0.000720	7.765880	
0.000730	7.811919	
0.000740	7.857010	
0.000750	7.901172	
0.000760	7.944425	
0.000770	7.986786	
0.000780	8.028274	
0.000790	8.068907	
0.000800	8.108700	
0.000810	8.147645	
0.000820	8.185787	
0.000830	8.223144	
0.000840	8.259730	
0.000850	8.295554	
0.000860	8.330516	
0.000870	8.364869	
0.000880	8.398531	
0.000890	8.431504	
0.000900	8.463799	
0.000910	8.495452	
0.000920	8.526454	
0.000930	8.556818	
0.000940	8.586557	
0.000950	8.615683	
0.000960	8.644209	
0.000970	8.672146	
0.000980	8.699508	
0.000990	8.726306	
0.001000	8.752551	
0.001010	8.778256	
0.001020	8.803432	
0.001030	8.828088	
0.001040	8.852236	
0.001050	8.875885	
0.001060	8.899028	
0.001070	8.921696	
0.001080	8.943896	
0.001090	8.965637	
0.001100	8.986925	
0.001110	9.007706	
0.001120	9.028091	
0.001130	9.048095	
0.001140	9.067690	
0.001150	9.086882	
0.001160	9.105679	
0.001170	9.124105	
0.001180	9.142151	
0.001190	9.159827	
0.001200	9.177138	
0.001210	9.194092	
0.001220	9.210697	
0.001230	9.226960	
0.001240	9.242888	
0.001250	9.258487	
0.001260	9.273765	
0.001270	9.288729	
0.001280	9.303383	
0.001290	9.317736	
0.001300	9.331791	
0.001310	9.345546	
0.001320	9.359017	
0.001330	9.372211	
0.001340	9.385131	
0.001350	9.397787	
0.001360	9.410114	
0.001370	9.422244	
0.001380	9.434132	
0.001390	9.445778	
0.001400	9.457184	
0.001410	9.468356	
0.001420	9.479308	
0.001430	9.490035	
0.001440	9.500541	
0.001450	9.510830	
0.001460	9.520908	
0.001470	9.530779	
0.001480	9.540446	
0.001490	9.549913	
0.001500	9.559186	
0.001510	9.568267	
0.001520	9.577161	
0.001530	9.585872	
0.001540	9.594403	
0.001550	9.602749	
0.001560	9.610924	
0.001570	9.618931	
0.001580	9.626773	
0.001590	9.634452	
0.001600	9.641972	
0.001610	9.649297	
0.001620	9.656504	
0.001630	9.663569	
0.001640	9.670491	
0.001650	9.677270	
0.001660	9.683910	
0.001670	9.690420	
0.001680	9.696797	
0.001690	9.703042	
0.001700	9.709159	
0.001710	9.715150	
0.001720	9.721018	
0.001730	9.726765	
0.001740	9.732393	
0.001750	9.737906	
0.001760	9.743304	
0.001770	9.748592	
0.001780	9.753770	
0.001790	9.758841	
0.001800	9.763802	
0.001810	9.768661	
0.001820	9.773420	
0.001830	9.778081	
0.001840	9.782645	
0.001850	9.787112	
0.001860	9.791456	
0.001870	9.795741	
0.001880	9.799943	
0.001890	9.804057	
0.001900	9.808087	
0.001910	9.812034	
0.001920	9.815904	
0.001930	9.819695	
0.001940	9.823409	
0.001950	9.827046	
0.001960	9.830608	
0.001970	9.834097	
0.001980	9.837514	
0.001990	9.840860	
0.002000	9.844138	
0.002010	9.847348	
0.002020	9.850491	
0.002030	9.853570	
0.002040	9.856581	
0.002050	9.859531	
0.002060	9.862419	
0.002070	9.865249	
0.002080	9.868020	
0.002090	9.870736	
0.002100	9.873391	
0.002110	9.875985	
0.002120	9.878533	
0.002130	9.881032	
0.002140	9.883479	
0.002150	9.885875	
0.002160	9.888222	
0.002170	9.890521	
0.002180	9.892772	
0.002190	9.894977	
0.002200	9.897137	
0.002210	9.899255	
0.002220	9.901330	
0.002230	9.903361	
0.002240	9.905349	
0.002250	9.907295	
0.002260	9.909202	
0.002270	9.911069	
0.002280	9.912898	
0.002290	9.914689	
0.002300	9.916443	
0.002310	9.918162	
0.002320	9.919845	
0.002330	9.921493	
0.002340	9.923107	
0.002350	9.924683	
0.002360	9.926221	
0.002370	9.927736	
0.002380	9.929221	
0.002390	9.930677	
0.002400	9.932103	
0.002410	9.933499	
0.002420	9.934866	
0.002430	9.936206	
0.002440	9.937518	
0.002450	9.938803	
0.002460	9.940061	
0.002470	9.941294	
0.002480	9.942501	
0.002490	9.943684	
0.002500	9.944842	
0.002510	9.945976	
0.002520	9.947087	
0.002530	9.948175	
0.002540	9.949241	
0.002550	9.950285	
0.002560	9.951307	
0.002570	9.952309	
0.002580	9.953290	
0.002590	9.954249	
0.002600	9.955187	
0.002610	9.956102	
0.002620	9.957002	
0.002630	9.957885	
0.002640	9.958751	
0.002650	9.959600	
0.002660	9.960430	
0.002670	9.961244	
0.002680	9.962041	
0.002690	9.962822	
0.002700	9.963586	
0.002710	9.964335	
0.002720	9.965069	
0.002730	9.965787	
0.002740	9.966491	
0.002750	9.967180	
0.002760	9.967855	
0.002770	9.968516	
0.002780	9.969163	
0.002790	9.969797	
0.002800	9.970419	
0.002810	9.971027	
0.002820	9.971623	
0.002830	9.972206	
0.002840	9.972777	
0.002850	9.973335	
0.002860	9.973879	
0.002870	9.974414	
0.002880	9.974940	
0.002890	9.975455	
0.002900	9.975960	
0.002910	9.976454	
0.002920	9.976939	
0.002930	9.977413	
0.002940	9.977877	
0.002950	9.978332	
0.002960	9.978778	
0.002970	9.979214	
0.002980	9.979642	
0.002990	9.980060	
0.003000	9.980471	
0.003010	9.980872	
0.003020	9.981266	
0.003030	9.981651	
0.003040	9.982028	
0.003050	9.982398	
0.003060	9.982760	
0.003070	9.983114	
0.003080	9.983461	
0.003090	9.983801	
0.003100	9.984132	
0.003110	9.984456	
0.003120	9.984774	
0.003130	9.985087	
0.003140	9.985393	
0.003150	9.985693	
0.003160	9.985988	
0.003170	9.986276	
0.003180	9.986558	
0.003190	9.986835	
0.003200	9.987105	
0.003210	9.987371	
0.003220	9.987630	
0.003230	9.987885	
0.003240	9.988134	
0.003250	9.988378	
0.003260	9.988617	
0.003270	9.988851	
0.003280	9.989080	
0.003290	9.989305	
0.003300	9.989525	
0.003310	9.989740	
0.003320	9.989951	
0.003330	9.990157	
0.003340	9.990359	
0.003350	9.990556	
0.003360	9.990749	
0.003370	9.990938	
0.003380	9.991124	
0.003390	9.991307	
0.003400	9.991485	
0.003410	9.991660	
0.003420	9.991832	
0.003430	9.991999	
0.003440	9.992164	
0.003450	9.992325	
0.003460	9.992483	
0.003470	9.992638	
0.003480	9.992789	
0.003490	9.992937	
0.003500	9.993083	
0.003510	9.993225	
0.003520	9.993364	
0.003530	9.993501	
0.003540	9.993634	
0.003550	9.993765	
0.003560	9.993893	
0.003570	9.994019	
0.003580	9.994141	
0.003590	9.994261	
0.003600	9.994379	
0.003610	9.994493	
0.003620	9.994606	
0.003630	9.994716	
0.003640	9.994825	
0.003650	9.994931	
0.003660	9.995035	
0.003670	9.995137	
0.003680	9.995237	
0.003690	9.995335	
0.003700	9.995431	
0.003710	9.995525	
0.003720	9.995617	
0.003730	9.995707	
0.003740	9.995795	
0.003750	9.995881	
0.003760	9.995966	
0.003770	9.996049	
0.003780	9.996130	
0.003790	9.996210	
0.003800	9.996287	
0.003810	9.996364	
0.003820	9.996438	
0.003830	9.996511	
0.003840	9.996583	
0.003850	9.996652	
0.003860	9.996721	
0.003870	9.996788	
0.003880	9.996854	
0.003890	9.996918	
0.003900	9.996981	
0.003910	9.997043	
0.003920	9.997104	
0.003930	9.997163	
0.003940	9.997222	
0.003950	9.997279	
0.003960	9.997335	
0.003970	9.997389	
0.003980	9.997443	
0.003990	9.997496	
0.004000	9.997547	
0.004010	9.997597	
0.004020	9.997647	
0.004030	9.997695	
0.004040	9.997742	
0.004050	9.997789	
0.004060	9.997834	
0.004070	9.997879	
0.004080	9.997922	
0.004090	9.997964	
0.004100	9.998006	
0.004110	9.998047	
0.004120	9.998087	
0.004130	9.998126	
0.004140	9.998164	
0.004150	9.998202	
0.004160	9.998238	
0.004170	9.998275	
0.004180	9.998310	
0.004190	9.998345	
0.004200	9.998379	
0.004210	9.998412	
0.004220	9.998445	
0.004230	9.998477	
0.004240	9.998508	
0.004250	9.998538	
0.004260	9.998568	
0.004270	9.998598	
0.004280	9.998627	
0.004290	9.998655	
0.004300	9.998682	
0.004310	9.998709	
0.004320	9.998736	
0.004330	9.998762	
0.004340	9.998787	
0.004350	9.998812	
0.004360	9.998836	
0.004370	9.998860	
0.004380	9.998883	
0.004390	9.998906	
0.004400	9.998928	
0.004410	9.998950	
0.004420	9.998972	
0.004430	9.998993	
0.004440	9.999013	
0.004450	9.999034	
0.004460	9.999053	
0.004470	9.999073	
0.004480	9.999092	
0.004490	9.999110	
0.004500	9.999129	
0.004510	9.999147	
0.004520	9.999164	
0.004530	9.999181	
0.004540	9.999198	
0.004550	9.999214	
0.004560	9.999231	
0.004570	9.999246	
0.004580	9.999262	
0.004590	9.999277	
0.004600	9.999291	
0.004610	9.999306	
0.004620	9.999320	
0.004630	9.999334	
0.004640	9.999348	
0.004650	9.999361	
0.004660	9.999374	
0.004670	9.999387	
0.004680	9.999399	
0.004690	9.999412	
0.004700	9.999424	
0.004710	9.999435	
0.004720	9.999447	
0.004730	9.999458	
0.004740	9.999469	
0.004750	9.999480	
0.004760	9.999491	
0.004770	9.999501	
0.004780	9.999512	
0.004790	9.999521	
0.004800	9.999531	
0.004810	9.999541	
0.004820	9.999550	
0.004830	9.999559	
0.004840	9.999568	
0.004850	9.999577	
0.004860	9.999586	
0.004870	9.999594	
0.004880	9.999603	
0.004890	9.999611	
0.004900	9.999619	
0.004910	9.999626	
0.004920	9.999634	
0.004930	9.999641	
0.004940	9.999649	
0.004950	9.999656	
0.004960	9.999663	
0.004970	9.999670	
0.004980	9.999677	
0.004990	9.999683	
0.005000	9.999690	
0.005010	9.999696	
0.005020	9.999702	
0.005030	9.999708	
0.005040	9.999714	
0.005050	9.999720	
0.005060	9.999726	
0.005070	9.999731	
0.005080	9.999737	
0.005090	9.999742	
0.005100	9.999748	
0.005110	9.999753	
0.005120	9.999758	
0.005130	9.999763	
0.005140	9.999768	
0.005150	9.999772	
0.005160	9.999777	
0.005170	9.999781	
0.005180	9.999786	
0.005190	9.999790	
0.005200	9.999795	
0.005210	9.999799	
0.005220	9.999803	
0.005230	9.999807	
0.005240	9.999811	
0.005250	9.999815	
0.005260	9.999818	
0.005270	9.999822	
0.005280	9.999826	
0.005290	9.999829	
0.005300	9.999833	
0.005310	9.999836	
0.005320	9.999840	
0.005330	9.999843	
0.005340	9.999846	
0.005350	9.999849	
0.005360	9.999852	
0.005370	9.999855	
0.005380	9.999858	
0.005390	9.999861	
0.005400	9.999864	
0.005410	9.999867	
0.005420	9.999869	
0.005430	9.999872	
0.005440	9.999875	
0.005450	9.999877	
0.005460	9.999880	
0.005470	9.999882	
0.005480	9.999885	
0.005490	9.999887	
0.005500	9.999889	
0.005510	9.999892	
0.005520	9.999894	
0.005530	9.999896	
0.005540	9.999898	
0.005550	9.999900	
0.005560	9.999902	
0.005570	9.999904	
0.005580	9.999906	
0.005590	9.999908	
0.005600	9.999910	
0.005610	9.999912	
0.005620	9.999914	
0.005630	9.999915	
0.005640	9.999917	
0.005650	9.999919	
0.005660	9.999920	
0.005670	9.999922	
0.005680	9.999924	
0.005690	9.999925	
0.005700	9.999927	
0.005710	9.999928	
0.005720	9.999930	
0.005730	9.999931	
0.005740	9.999933	
0.005750	9.999934	
0.005760	9.999935	
0.005770	9.999937	
0.005780	9.999938	
0.005790	9.999939	
0.005800	9.999940	
0.005810	9.999942	
0.005820	9.999943	
0.005830	9.999944	
0.005840	9.999945	
0.005850	9.999946	
0.005860	9.999947	
0.005870	9.999948	
0.005880	9.999949	
0.005890	9.999950	
0.005900	9.999951	
0.005910	9.999952	
0.005920	9.999953	
0.005930	9.999954	
0.005940	9.999955	
0.005950	9.999956	
0.005960	9.999957	
0.005970	9.999958	
0.005980	9.999959	
0.005990	9.999960	
0.006000	9.999961	
0.006010	9.999961	
0.006020	9.999962	
0.006030	9.999963	
0.006040	9.999964	
0.006050	9.999964	
0.006060	9.999965	
0.006070	9.999966	
0.006080	9.999967	
0.006090	9.999967	
0.006100	9.999968	
0.006110	9.999969	
0.006120	9.999969	
0.006130	9.999970	
0.006140	9.999970	
0.006150	9.999971	
0.006160	9.999972	
0.006170	9.999972	
0.006180	9.999973	
0.006190	9.999973	
0.006200	9.999974	
0.006210	9.999974	
0.006220	9.999975	
0.006230	9.999975	
0.006240	9.999976	
0.006250	9.999976	
0.006260	9.999977	
0.006270	9.999977	
0.006280	9.999978	
0.006290	9.999978	
0.006300	9.999979	
0.006310	9.999979	
0.006320	9.999980	
0.006330	9.999980	
0.006340	9.999980	
0.006350	9.999981	
0.006360	9.999981	
0.006370	9.999982	
0.006380	9.999982	
0.006390	9.999982	
0.006400	9.999983	
0.006410	9.999983	
0.006420	9.999983	
0.006430	9.999984	
0.006440	9.999984	
0.006450	9.999984	
0.006460	9.999985	
0.006470	9.999985	
0.006480	9.999985	
0.006490	9.999986	
0.006500	9.999986	
0.006510	9.999986	
0.006520	9.999986	
0.006530	9.999987	
0.006540	9.999987	
0.006550	9.999987	
0.006560	9.999988	
0.006570	9.999988	
0.006580	9.999988	
0.006590	9.999988	
0.006600	9.999989	
0.006610	9.999989	
0.006620	9.999989	
0.006630	9.999989	
0.006640	9.999989	
0.006650	9.999990	
0.006660	9.999990	
0.006670	9.999990	
0.006680	9.999990	
0.006690	9.999990	
0.006700	9.999991	
0.006710	9.999991	
0.006720	9.999991	
0.006730	9.999991	
0.006740	9.999991	
0.006750	9.999992	
0.006760	9.999992	
0.006770	9.999992	
0.006780	9.999992	
0.006790	9.999992	
0.006800	9.999992	
0.006810	9.999993	
0.006820	9.999993	
0.006830	9.999993	
0.006840	9.999993	
0.006850	9.999993	
0.006860	9.999993	
0.006870	9.999993	
0.006880	9.999994	
0.006890	9.999994	
0.006900	9.999994	
0.006910	9.999994	
0.006920	9.999994	
0.006930	9.999994	
0.006940	9.999994	
0.006950	9.999994	
0.006960	9.999995	
0.006970	9.999995	
0.006980	9.999995	
0.006990	9.999995	
0.007000	9.999995	
0.007010	9.999995	
0.007020	9.999995	
0.007030	9.999995	
0.007040	9.999995	
0.007050	9.999995	
0.007060	9.999996	
0.007070	9.999996	
0.007080	9.999996	
0.007090	9.999996	
0.007100	9.999996	
0.007110	9.999996	
0.007120	9.999996	
0.007130	9.999996	
0.007140	9.999996	
0.007150	9.999996	
0.007160	9.999996	
0.007170	9.999996	
0.007180	9.999997	
0.007190	9.999997	
0.007200	9.999997	
0.007210	9.999997	
0.007220	9.999997	
0.007230	9.999997	
0.007240	9.999997	
0.007250	9.999997	
0.007260	9.999997	
0.007270	9.999997	
0.007280	9.999997	
0.007290	9.999997	
0.007300	9.999997	
0.007310	9.999997	
0.007320	9.999997	
0.007330	9.999997	
0.007340	9.999998	
0.007350	9.999998	
0.007360	9.999998	
0.007370	9.999998	
0.007380	9.999998	
0.007390	9.999998	
0.007400	9.999998	
0.007410	9.999998	
0.007420	9.999998	
0.007430	9.999998	
0.007440	9.999998	
0.007450	9.999998	
0.007460	9.999998	
0.007470	9.999998	
0.007480	9.999998	
0.007490	9.999998	
0.007500	9.999998	
0.007510	9.999998	
0.007520	9.999998	
0.007530	9.999998	
0.007540	9.999998	
0.007550	9.999998	
0.007560	9.999998	
0.007570	9.999998	
0.007580	9.999998	
0.007590	9.999999	
0.007600	9.999999	
0.007610	9.999999	
0.007620	9.999999	
0.007630	9.999999	
0.007640	9.999999	
0.007650	9.999999	
0.007660	9.999999	
0.007670	9.999999	
0.007680	9.999999	
0.007690	9.999999	
0.007700	9.999999	
0.007710	9.999999	
0.007720	9.999999	
0.007730	9.999999	
0.007740	9.999999	
0.007750	9.999999	
0.007760	9.999999	
0.007770	9.999999	
0.007780	9.999999	
0.007790	9.999999	
0.007800	9.999999	
0.007810	9.999999	
0.007820	9.999999	
0.007830	9.999999	
0.007840	9.999999	
0.007850	9.999999	
0.007860	9.999999	
0.007870	9.999999	
0.007880	9.999999	
0.007890	9.999999	
0.007900	9.999999	
0.007910	9.999999	
0.007920	9.999999	
0.007930	9.999999	
0.007940	9.999999	
0.007950	9.999999	
0.007960	9.999999	
0.007970	9.999999	
0.007980	9.999999	
0.007990	9.999999	
0.008000	9.999999	
0.008010	9.999999	
0.008020	9.999999	
0.008030	9.999999	
0.008040	9.999999	
0.008050	9.999999	
0.008060	9.999999	
0.008070	9.999999	
0.008080	9.999999	
0.008090	9.999999	
0.008100	9.999999	
0.008110	9.999999	
0.008120	10.000000	
0.008130	10.000000	
0.008140	10.000000	
0.008150	10.000000	
0.008160	10.000000	
0.008170	10.000000	
0.008180	10.000000	
0.008190	10.000000	
0.008200	10.000000	
0.008210	10.000000	
0.008220	10.000000	
0.008230	10.000000	
0.008240	10.000000	
0.008250	10.000000	
0.008260	10.000000	
0.008270	10.000000	
0.008280	10.000000	
0.008290	10.000000	
0.008300	10.000000	
0.008310	10.000000	
0.008320	10.000000	
0.008330	10.000000	
0.008340	10.000000	
0.008350	10.000000	
0.008360	10.000000	
0.008370	10.000000	
0.008380	10.000000	
0.008390	10.000000	
0.008400	10.000000	
0.008410	10.000000	
0.008420	10.000000	
0.008430	10.000000	
0.008440	10.000000	
0.008450	10.000000	
0.008460	10.000000	
0.008470	10.000000	
0.008480	10.000000	
0.008490	10.000000	
0.008500	10.000000	
0.008510	10.000000	
0.008520	10.000000	
0.008530	10.000000	
0.008540	10.000000	
0.008550	10.000000	
0.008560	10.000000	
0.008570	10.000000	
0.008580	10.000000	
0.008590	10.000000	
0.008600	10.000000	
0.008610	10.000000	
0.008620	10.000000	
0.008630	10.000000	
0.008640	10.000000	
0.008650	10.000000	
0.008660	10.000000	
0.008670	10.000000	
0.008680	10.000000	
0.008690	10.000000	
0.008700	10.000000	
0.008710	10.000000	
0.008720	10.000000	
0.008730	10.000000	
0.008740	10.000000	
0.008750	10.000000	
0.008760	10.000000	
0.008770	10.000000	
0.008780	10.000000	
0.008790	10.000000	
0.008800	10.000000	
0.008810	10.000000	
0.008820	10.000000	
0.008830	10.000000	
0.008840	10.000000	
0.008850	10.000000	
0.008860	10.000000	
0.008870	10.000000	
0.008880	10.000000	
0.008890	10.000000	
0.008900	10.000000	
0.008910	10.000000	
0.008920	10.000000	
0.008930	10.000000	
0.008940	10.000000	
0.008950	10.000000	
0.008960	10.000000	
0.008970	10.000000	
0.008980	10.000000	
0.008990	10.000000	
0.009000	10.000000	
0.009010	10.000000	
0.009020	10.000000	
0.009030	10.000000	
0.009040	10.000000	
0.009050	10.000000	
0.009060	10.000000	
0.009070	10.000000	
0.009080	10.000000	
0.009090	10.000000	
0.009100	10.000000	
0.009110	10.000000	
0.009120	10.000000	
0.009130	10.000000	
0.009140	10.000000	
0.009150	10.000000	
0.009160	10.000000	
0.009170	10.000000	
0.009180	10.000000	
0.009190	10.000000	
0.009200	10.000000	
0.009210	10.000000	
0.009220	10.000000	
0.009230	10.000000	
0.009240	10.000000	
0.009250	10.000000	
0.009260	10.000000	
0.009270	10.000000	
0.009280	10.000000	
0.009290	10.000000	
0.009300	10.000000	
0.009310	10.000000	
0.009320	10.000000	
0.009330	10.000000	
0.009340	10.000000	
0.009350	10.000000	
0.009360	10.000000	
0.009370	10.000000	
0.009380	10.000000	
0.009390	10.000000	
0.009400	10.000000	
0.009410	10.000000	
0.009420	10.000000	
0.009430	10.000000	
0.009440	10.000000	
0.009450	10.000000	
0.009460	10.000000	
0.009470	10.000000	
0.009480	10.000000	
0.009490	10.000000	
0.009500	10.000000	
0.009510	10.000000	
0.009520	10.000000	
0.009530	10.000000	
0.009540	10.000000	
0.009550	10.000000	
0.009560	10.000000	
0.009570	10.000000	
0.009580	10.000000	
0.009590	10.000000	
0.009600	10.000000	
0.009610	10.000000	
0.009620	10.000000	
0.009630	10.000000	
0.009640	10.000000	
0.009650	10.000000	
0.009660	10.000000	
0.009670	10.000000	
0.009680	10.000000	
0.009690	10.000000	
0.009700	10.000000	
0.009710	10.000000	
0.009720	10.000000	
0.009730	10.000000	
0.009740	10.000000	
0.009750	10.000000	
0.009760	10.000000	
0.009770	10.000000	
0.009780	10.000000	
0.009790	10.000000	
0.009800	10.000000	
0.009810	10.000000	
0.009820	10.000000	
0.009830	10.000000	
0.009840	10.000000	
0.009850	10.000000	
0.009860	10.000000	
0.009870	10.000000	
0.009880	10.000000	
0.009890	10.000000	
0.009900	10.000000	
0.009910	10.000000	
0.009920	10.000000	
0.009930	10.000000	
0.009940	10.000000	
0.009950	10.000000	
0.009960	10.000000	
0.009970	10.000000	
0.009980	10.000000	
0.009990	10.000000	
