t	v	
0.000000	0.000000	
0.000010	0.059843	
0.000020	0.228061	
0.000030	0.489017	
0.000040	0.827303	
0.000050	1.228657	
0.000060	1.679251	
0.000070	2.166199	
0.000080	2.676446	
0.000090	3.198213	
0.000100	3.719407	
0.000110	4.230834	
0.000120	4.723094	
0.000130	5.188145	
0.000140	5.617772	
0.000150	6.004939	
0.000160	6.343455	
0.000170	6.628002	
0.000180	6.854155	
0.000190	7.018389	
0.000200	7.118080	
0.000210	7.151520	
0.000220	7.117860	
0.000230	7.017110	
0.000240	6.850119	
0.000250	6.618540	
0.000260	6.324789	
0.000270	5.972012	
0.000280	5.564010	
0.000290	5.105195	
0.000300	4.600532	
0.000310	4.055466	
0.000320	3.475877	
0.000330	2.868005	
0.000340	2.238065	
0.000350	1.593263	
0.000360	0.940399	
0.000370	0.286669	
0.000380	-0.361312	
0.000390	-0.997105	
0.000400	-1.614240	
0.000410	-2.207132	
0.000420	-2.769519	
0.000430	-3.295851	
0.000440	-3.781029	
0.000450	-4.220421	
0.000460	-4.609922	
0.000470	-4.945989	
0.000480	-5.225675	
0.000490	-5.446660	
0.000500	-5.607287	
0.000510	-5.706531	
0.000520	-5.744026	
0.000530	-5.720059	
0.000540	-5.635565	
0.000550	-5.492105	
0.000560	-5.291852	
0.000570	-5.037565	
0.000580	-4.732527	
0.000590	-4.380526	
0.000600	-3.985802	
0.000610	-3.553011	
0.000620	-3.087166	
0.000630	-2.593586	
0.000640	-2.077493	
0.000650	-1.545176	
0.000660	-1.002463	
0.000670	-0.455266	
0.000680	0.089441	
0.000690	0.627283	
0.000700	1.152425	
0.000710	1.659444	
0.000720	2.143811	
0.000730	2.600267	
0.000740	3.024274	
0.000750	3.411687	
0.000760	3.758786	
0.000770	4.062338	
0.000780	4.319582	
0.000790	4.528282	
0.000800	4.686751	
0.000810	4.793862	
0.000820	4.849027	
0.000830	4.852219	
0.000840	4.803959	
0.000850	4.705307	
0.000860	4.557854	
0.000870	4.363700	
0.000880	4.125399	
0.000890	3.845949	
0.000900	3.528753	
0.000910	3.177581	
0.000920	2.796526	
0.000930	2.389952	
0.000940	1.962439	
0.000950	1.518573	
0.000960	1.063665	
0.000970	0.602677	
0.000980	0.140855	
0.000990	-0.317134	
0.001000	-0.766473	
0.001010	-1.202582	
0.001020	-1.621515	
0.001030	-2.018738	
0.001040	-2.390292	
0.001050	-2.732515	
0.001060	-3.042098	
0.001070	-3.316108	
0.001080	-3.552036	
0.001090	-3.747771	
0.001100	-3.901665	
0.001110	-4.012552	
0.001120	-4.079727	
0.001130	-4.102944	
0.001140	-4.082429	
0.001150	-4.018869	
0.001160	-3.913397	
0.001170	-3.767607	
0.001180	-3.583472	
0.001190	-3.363352	
0.001200	-3.109968	
0.001210	-2.826364	
0.001220	-2.515875	
0.001230	-2.182078	
0.001240	-1.828763	
0.001250	-1.459681	
0.001260	-1.079365	
0.001270	-0.691977	
0.001280	-0.301708	
0.001290	0.086503	
0.001300	0.469485	
0.001310	0.843107	
0.001320	1.203514	
0.001330	1.547610	
0.001340	1.871575	
0.001350	2.172206	
0.001360	2.446577	
0.001370	2.692062	
0.001380	2.906368	
0.001390	3.087568	
0.001400	3.234082	
0.001410	3.344723	
0.001420	3.418731	
0.001430	3.455714	
0.001440	3.455677	
0.001450	3.419018	
0.001460	3.346519	
0.001470	3.239354	
0.001480	3.099033	
0.001490	2.927396	
0.001500	2.726599	
0.001510	2.499082	
0.001520	2.247544	
0.001530	1.974910	
0.001540	1.684303	
0.001550	1.378753	
0.001560	1.062132	
0.001570	0.737922	
0.001580	0.409662	
0.001590	0.081351	
0.001600	-0.243989	
0.001610	-0.562913	
0.001620	-0.872186	
0.001630	-1.168637	
0.001640	-1.449881	
0.001650	-1.712716	
0.001660	-1.954550	
0.001670	-2.173052	
0.001680	-2.366161	
0.001690	-2.532117	
0.001700	-2.669436	
0.001710	-2.776966	
0.001720	-2.853892	
0.001730	-2.899748	
0.001740	-2.914380	
0.001750	-2.897969	
0.001760	-2.851024	
0.001770	-2.774388	
0.001780	-2.669198	
0.001790	-2.536873	
0.001800	-2.379105	
0.001810	-2.197840	
0.001820	-1.995249	
0.001830	-1.773714	
0.001840	-1.535790	
0.001850	-1.283900	
0.001860	-1.021358	
0.001870	-0.751064	
0.001880	-0.475975	
0.001890	-0.199092	
0.001900	0.076048	
0.001910	0.347274	
0.001920	0.611651	
0.001930	0.866456	
0.001940	1.109613	
0.001950	1.338362	
0.001960	1.550445	
0.001970	1.743798	
0.001980	1.916574	
0.001990	2.067164	
0.002000	2.194209	
0.002010	2.296613	
0.002020	2.373547	
0.002030	2.424493	
0.002040	2.449197	
0.002050	2.447681	
0.002060	2.420244	
0.002070	2.367468	
0.002080	2.290199	
0.002090	2.189512	
0.002100	2.066725	
0.002110	1.923375	
0.002120	1.761205	
0.002130	1.582137	
0.002140	1.388257	
0.002150	1.181785	
0.002160	0.964852	
0.002170	0.740261	
0.002180	0.510481	
0.002190	0.278014	
0.002200	0.045906	
0.002210	-0.183991	
0.002220	-0.409160	
0.002230	-0.627336	
0.002240	-0.836287	
0.002250	-1.034428	
0.002260	-1.219447	
0.002270	-1.389529	
0.002280	-1.543030	
0.002290	-1.678508	
0.002300	-1.794720	
0.002310	-1.890642	
0.002320	-1.965470	
0.002330	-2.018639	
0.002340	-2.049843	
0.002350	-2.058987	
0.002360	-2.046214	
0.002370	-2.011899	
0.002380	-1.956664	
0.002390	-1.881311	
0.002400	-1.786853	
0.002410	-1.674498	
0.002420	-1.545627	
0.002430	-1.401788	
0.002440	-1.244669	
0.002450	-1.076084	
0.002460	-0.897725	
0.002470	-0.711990	
0.002480	-0.520934	
0.002490	-0.326625	
0.002500	-0.131215	
0.002510	0.062726	
0.002520	0.253831	
0.002530	0.439989	
0.002540	0.619284	
0.002550	0.789895	
0.002560	0.950555	
0.002570	1.099386	
0.002580	1.234940	
0.002590	1.355926	
0.002600	1.461220	
0.002610	1.549873	
0.002620	1.621124	
0.002630	1.674398	
0.002640	1.709335	
0.002650	1.725780	
0.002660	1.723760	
0.002670	1.703497	
0.002680	1.665429	
0.002690	1.610149	
0.002700	1.538424	
0.002710	1.451189	
0.002720	1.349538	
0.002730	1.234704	
0.002740	1.108050	
0.002750	0.971050	
0.002760	0.825061	
0.002770	0.672082	
0.002780	0.513810	
0.002790	0.351987	
0.002800	0.188392	
0.002810	0.025353	
0.002820	-0.136086	
0.002830	-0.294131	
0.002840	-0.447177	
0.002850	-0.593658	
0.002860	-0.732438	
0.002870	-0.861928	
0.002880	-0.980863	
0.002890	-1.088099	
0.002900	-1.182628	
0.002910	-1.263583	
0.002920	-1.330253	
0.002930	-1.382081	
0.002940	-1.418681	
0.002950	-1.439849	
0.002960	-1.445530	
0.002970	-1.435835	
0.002980	-1.411034	
0.002990	-1.371579	
0.003000	-1.318039	
0.003010	-1.251133	
0.003020	-1.171712	
0.003030	-1.080755	
0.003040	-0.979352	
0.003050	-0.868695	
0.003060	-0.749842	
0.003070	-0.624490	
0.003080	-0.494038	
0.003090	-0.359927	
0.003100	-0.223633	
0.003110	-0.086853	
0.003120	0.048685	
0.003130	0.182172	
0.003140	0.312121	
0.003150	0.437197	
0.003160	0.556130	
0.003170	0.668078	
0.003180	0.771700	
0.003190	0.865999	
0.003200	0.950081	
0.003210	1.023165	
0.003220	1.084595	
0.003230	1.133846	
0.003240	1.170530	
0.003250	1.194410	
0.003260	1.205373	
0.003270	1.203446	
0.003280	1.188791	
0.003290	1.161705	
0.003300	1.122626	
0.003310	1.072098	
0.003320	1.010777	
0.003330	0.939431	
0.003340	0.858927	
0.003350	0.770223	
0.003360	0.674118	
0.003370	0.572060	
0.003380	0.465194	
0.003390	0.354708	
0.003400	0.241821	
0.003410	0.127777	
0.003420	0.013906	
0.003430	-0.098664	
0.003440	-0.208780	
0.003450	-0.315342	
0.003460	-0.417261	
0.003470	-0.513507	
0.003480	-0.603480	
0.003490	-0.686057	
0.003500	-0.760447	
0.003510	-0.825952	
0.003520	-0.881974	
0.003530	-0.928023	
0.003540	-0.963725	
0.003550	-0.988823	
0.003560	-1.003167	
0.003570	-1.006725	
0.003580	-0.999580	
0.003590	-0.981924	
0.003600	-0.954062	
0.003610	-0.916412	
0.003620	-0.869480	
0.003630	-0.813864	
0.003640	-0.750249	
0.003650	-0.679399	
0.003660	-0.601908	
0.003670	-0.519020	
0.003680	-0.431671	
0.003690	-0.340835	
0.003700	-0.247519	
0.003710	-0.152756	
0.003720	-0.057705	
0.003730	0.036429	
0.003740	0.129048	
0.003750	0.219155	
0.003760	0.305824	
0.003770	0.388175	
0.003780	0.465381	
0.003790	0.537041	
0.003800	0.602209	
0.003810	0.660268	
0.003820	0.710679	
0.003830	0.752992	
0.003840	0.786857	
0.003850	0.812011	
0.003860	0.828283	
0.003870	0.835600	
0.003880	0.833984	
0.003890	0.823552	
0.003900	0.804512	
0.003910	0.777162	
0.003920	0.741888	
0.003930	0.699156	
0.003940	0.649502	
0.003950	0.593528	
0.003960	0.531900	
0.003970	0.465158	
0.003980	0.394344	
0.003990	0.320251	
0.004000	0.243704	
0.004010	0.165552	
0.004020	0.086669	
0.004030	0.008437	
0.004040	-0.069100	
0.004050	-0.144854	
0.004060	-0.218120	
0.004070	-0.288149	
0.004080	-0.354234	
0.004090	-0.416012	
0.004100	-0.472686	
0.004110	-0.523712	
0.004120	-0.568613	
0.004130	-0.606987	
0.004140	-0.638502	
0.004150	-0.662902	
0.004160	-0.680007	
0.004170	-0.689717	
0.004180	-0.692014	
0.004190	-0.686955	
0.004200	-0.674676	
0.004210	-0.655388	
0.004220	-0.629375	
0.004230	-0.596989	
0.004240	-0.558646	
0.004250	-0.514823	
0.004260	-0.466049	
0.004270	-0.412709	
0.004280	-0.355702	
0.004290	-0.295670	
0.004300	-0.233283	
0.004310	-0.169235	
0.004320	-0.104242	
0.004330	-0.039099	
0.004340	0.025365	
0.004350	0.088807	
0.004360	0.150470	
0.004370	0.209729	
0.004380	0.265997	
0.004390	0.318711	
0.004400	0.367655	
0.004410	0.412147	
0.004420	0.451769	
0.004430	0.486159	
0.004440	0.515013	
0.004450	0.538087	
0.004460	0.555202	
0.004470	0.566245	
0.004480	0.571166	
0.004490	0.569983	
0.004500	0.562775	
0.004510	0.549689	
0.004520	0.530929	
0.004530	0.506758	
0.004540	0.477494	
0.004550	0.443508	
0.004560	0.404972	
0.004570	0.362673	
0.004580	0.317106	
0.004590	0.268793	
0.004600	0.218279	
0.004610	0.166123	
0.004620	0.112909	
0.004630	0.059194	
0.004640	0.005935	
0.004650	-0.046805	
0.004660	-0.098379	
0.004670	-0.148215	
0.004680	-0.195828	
0.004690	-0.240741	
0.004700	-0.282515	
0.004710	-0.320750	
0.004720	-0.355088	
0.004730	-0.385527	
0.004740	-0.411536	
0.004750	-0.432891	
0.004760	-0.449419	
0.004770	-0.461000	
0.004780	-0.467568	
0.004790	-0.469110	
0.004800	-0.465667	
0.004810	-0.457331	
0.004820	-0.444248	
0.004830	-0.426610	
0.004840	-0.404657	
0.004850	-0.378443	
0.004860	-0.348582	
0.004870	-0.315437	
0.004880	-0.279399	
0.004890	-0.240887	
0.004900	-0.200339	
0.004910	-0.158207	
0.004920	-0.114976	
0.004930	-0.071067	
0.004940	-0.027078	
0.004950	0.016345	
0.004960	0.059079	
0.004970	0.100696	
0.004980	0.140677	
0.004990	0.178646	
0.005000	0.214226	
0.005010	0.247071	
0.005020	0.276872	
0.005030	0.303352	
0.005040	0.326277	
0.005050	0.345450	
0.005060	0.360721	
0.005070	0.371978	
0.005080	0.379430	
0.005090	0.382778	
0.005100	0.381771	
0.005110	0.376746	
0.005120	0.367810	
0.005130	0.355108	
0.005140	0.338826	
0.005150	0.319183	
0.005160	0.296429	
0.005170	0.270846	
0.005180	0.242741	
0.005190	0.212442	
0.005200	0.180299	
0.005210	0.146673	
0.005220	0.111960	
0.005230	0.076487	
0.005240	0.040702	
0.005250	0.005207	
0.005260	-0.029922	
0.005270	-0.064232	
0.005280	-0.097464	
0.005290	-0.129211	
0.005300	-0.159175	
0.005310	-0.187064	
0.005320	-0.212607	
0.005330	-0.235567	
0.005340	-0.255735	
0.005350	-0.272934	
0.005360	-0.287023	
0.005370	-0.297893	
0.005380	-0.305473	
0.005390	-0.309726	
0.005400	-0.310652	
0.005410	-0.308285	
0.005420	-0.302693	
0.005430	-0.293979	
0.005440	-0.282276	
0.005450	-0.267747	
0.005460	-0.250582	
0.005470	-0.230998	
0.005480	-0.209232	
0.005490	-0.185542	
0.005500	-0.160204	
0.005510	-0.133506	
0.005520	-0.105766	
0.005530	-0.077246	
0.005540	-0.048301	
0.005550	-0.019320	
0.005560	0.009244	
0.005570	0.037392	
0.005580	0.064760	
0.005590	0.091120	
0.005600	0.116223	
0.005610	0.139718	
0.005620	0.161427	
0.005630	0.181146	
0.005640	0.198691	
0.005650	0.213905	
0.005660	0.226658	
0.005670	0.236849	
0.005680	0.244404	
0.005690	0.249277	
0.005700	0.251452	
0.005710	0.250943	
0.005720	0.247791	
0.005730	0.242063	
0.005740	0.233854	
0.005750	0.223283	
0.005760	0.210493	
0.005770	0.195649	
0.005780	0.178933	
0.005790	0.160547	
0.005800	0.140707	
0.005810	0.119640	
0.005820	0.097596	
0.005830	0.074794	
0.005840	0.051514	
0.005850	0.028030	
0.005860	0.004733	
0.005870	-0.018266	
0.005880	-0.040767	
0.005890	-0.062523	
0.005900	-0.083355	
0.005910	-0.103066	
0.005920	-0.121403	
0.005930	-0.138216	
0.005940	-0.153349	
0.005950	-0.166662	
0.005960	-0.178039	
0.005970	-0.187385	
0.005980	-0.194629	
0.005990	-0.199721	
0.006000	-0.202637	
0.006010	-0.203373	
0.006020	-0.201952	
0.006030	-0.198416	
0.006040	-0.192831	
0.006050	-0.185282	
0.006060	-0.175876	
0.006070	-0.164735	
0.006080	-0.152000	
0.006090	-0.137827	
0.006100	-0.122384	
0.006110	-0.105872	
0.006120	-0.088436	
0.006130	-0.070284	
0.006140	-0.051643	
0.006150	-0.032719	
0.006160	-0.013800	
0.006170	0.004868	
0.006180	0.023211	
0.006190	0.041086	
0.006200	0.058268	
0.006210	0.074622	
0.006220	0.089992	
0.006230	0.104234	
0.006240	0.117161	
0.006250	0.128679	
0.006260	0.138687	
0.006270	0.147099	
0.006280	0.153846	
0.006290	0.158878	
0.006300	0.162166	
0.006310	0.163698	
0.006320	0.163480	
0.006330	0.161538	
0.006340	0.157916	
0.006350	0.152672	
0.006360	0.145884	
0.006370	0.137645	
0.006380	0.128059	
0.006390	0.117246	
0.006400	0.105359	
0.006410	0.092497	
0.006420	0.078813	
0.006430	0.064474	
0.006440	0.049658	
0.006450	0.034524	
0.006460	0.019267	
0.006470	0.004121	
0.006480	-0.010779	
0.006490	-0.025363	
0.006500	-0.039493	
0.006510	-0.053023	
0.006520	-0.065797	
0.006530	-0.077719	
0.006540	-0.088676	
0.006550	-0.098568	
0.006560	-0.107305	
0.006570	-0.114809	
0.006580	-0.120956	
0.006590	-0.125745	
0.006600	-0.129143	
0.006610	-0.131131	
0.006620	-0.131708	
0.006630	-0.130886	
0.006640	-0.128692	
0.006650	-0.125167	
0.006660	-0.120366	
0.006670	-0.114396	
0.006680	-0.107281	
0.006690	-0.099113	
0.006700	-0.089992	
0.006710	-0.080031	
0.006720	-0.069350	
0.006730	-0.058077	
0.006740	-0.046358	
0.006750	-0.034313	
0.006760	-0.022087	
0.006770	-0.009865	
0.006780	0.002205	
0.006790	0.014045	
0.006800	0.025573	
0.006810	0.036682	
0.006820	0.047259	
0.006830	0.057176	
0.006840	0.066361	
0.006850	0.074731	
0.006860	0.082209	
0.006870	0.088728	
0.006880	0.094233	
0.006890	0.098676	
0.006900	0.102024	
0.006910	0.104253	
0.006920	0.105354	
0.006930	0.105327	
0.006940	0.104185	
0.006950	0.101954	
0.006960	0.098669	
0.006970	0.094378	
0.006980	0.089139	
0.006990	0.083021	
0.007000	0.076101	
0.007010	0.068464	
0.007020	0.060205	
0.007030	0.051434	
0.007040	0.042239	
0.007050	0.032727	
0.007060	0.023010	
0.007070	0.013227	
0.007080	0.003509	
0.007090	-0.006041	
0.007100	-0.015354	
0.007110	-0.024389	
0.007120	-0.033048	
0.007130	-0.041244	
0.007140	-0.048898	
0.007150	-0.055934	
0.007160	-0.062269	
0.007170	-0.067865	
0.007180	-0.072673	
0.007190	-0.076654	
0.007200	-0.079776	
0.007210	-0.082016	
0.007220	-0.083361	
0.007230	-0.083809	
0.007240	-0.083365	
0.007250	-0.082044	
0.007260	-0.079872	
0.007270	-0.076883	
0.007280	-0.073117	
0.007290	-0.068627	
0.007300	-0.063470	
0.007310	-0.057711	
0.007320	-0.051436	
0.007330	-0.044701	
0.007340	-0.037586	
0.007350	-0.030175	
0.007360	-0.022555	
0.007370	-0.014827	
0.007380	-0.007101	
0.007390	0.000537	
0.007400	0.008033	
0.007410	0.015294	
0.007420	0.022300	
0.007430	0.028979	
0.007440	0.035263	
0.007450	0.041092	
0.007460	0.046410	
0.007470	0.051168	
0.007480	0.055323	
0.007490	0.058820	
0.007500	0.061649	
0.007510	0.063791	
0.007520	0.065232	
0.007530	0.065965	
0.007540	0.065991	
0.007550	0.065320	
0.007560	0.063968	
0.007570	0.061957	
0.007580	0.059318	
0.007590	0.056105	
0.007600	0.052341	
0.007610	0.048075	
0.007620	0.043359	
0.007630	0.038248	
0.007640	0.032805	
0.007650	0.027092	
0.007660	0.021180	
0.007670	0.015142	
0.007680	0.009067	
0.007690	0.003024	
0.007700	-0.002924	
0.007710	-0.008718	
0.007720	-0.014310	
0.007730	-0.019677	
0.007740	-0.024765	
0.007750	-0.029523	
0.007760	-0.033906	
0.007770	-0.037873	
0.007780	-0.041388	
0.007790	-0.044419	
0.007800	-0.046940	
0.007810	-0.048933	
0.007820	-0.050382	
0.007830	-0.051280	
0.007840	-0.051624	
0.007850	-0.051418	
0.007860	-0.050673	
0.007870	-0.049401	
0.007880	-0.047625	
0.007890	-0.045370	
0.007900	-0.042666	
0.007910	-0.039547	
0.007920	-0.036054	
0.007930	-0.032228	
0.007940	-0.028116	
0.007950	-0.023767	
0.007960	-0.019234	
0.007970	-0.014574	
0.007980	-0.009854	
0.007990	-0.005130	
0.008000	-0.000450	
0.008010	0.004136	
0.008020	0.008583	
0.008030	0.012847	
0.008040	0.016916	
0.008050	0.020751	
0.008060	0.024315	
0.008070	0.027574	
0.008080	0.030499	
0.008090	0.033062	
0.008100	0.035241	
0.008110	0.037020	
0.008120	0.038384	
0.008130	0.039324	
0.008140	0.039836	
0.008150	0.039921	
0.008160	0.039583	
0.008170	0.038832	
0.008180	0.037681	
0.008190	0.036148	
0.008200	0.034255	
0.008210	0.032025	
0.008220	0.029489	
0.008230	0.026677	
0.008240	0.023625	
0.008250	0.020369	
0.008260	0.016949	
0.008270	0.013409	
0.008280	0.009802	
0.008290	0.006169	
0.008300	0.002546	
0.008310	-0.001027	
0.008320	-0.004515	
0.008330	-0.007882	
0.008340	-0.011098	
0.008350	-0.014136	
0.008360	-0.016984	
0.008370	-0.019612	
0.008380	-0.021998	
0.008390	-0.024118	
0.008400	-0.025955	
0.008410	-0.027493	
0.008420	-0.028720	
0.008430	-0.029627	
0.008440	-0.030210	
0.008450	-0.030465	
0.008460	-0.030396	
0.008470	-0.030007	
0.008480	-0.029306	
0.008490	-0.028306	
0.008500	-0.027022	
0.008510	-0.025471	
0.008520	-0.023673	
0.008530	-0.021652	
0.008540	-0.019433	
0.008550	-0.017043	
0.008560	-0.014514	
0.008570	-0.011880	
0.008580	-0.009177	
0.008590	-0.006434	
0.008600	-0.003682	
0.008610	-0.000949	
0.008620	0.001737	
0.008630	0.004349	
0.008640	0.006861	
0.008650	0.009249	
0.008660	0.011490	
0.008670	0.013567	
0.008680	0.015471	
0.008690	0.017184	
0.008700	0.018692	
0.008710	0.019982	
0.008720	0.021043	
0.008730	0.021867	
0.008740	0.022450	
0.008750	0.022787	
0.008760	0.022880	
0.008770	0.022730	
0.008780	0.022342	
0.008790	0.021725	
0.008800	0.020888	
0.008810	0.019843	
0.008820	0.018605	
0.008830	0.017189	
0.008840	0.015616	
0.008850	0.013903	
0.008860	0.012078	
0.008870	0.010166	
0.008880	0.008186	
0.008890	0.006163	
0.008900	0.004118	
0.008910	0.002072	
0.008920	0.000048	
0.008930	-0.001935	
0.008940	-0.003856	
0.008950	-0.005697	
0.008960	-0.007440	
0.008970	-0.009068	
0.008980	-0.010568	
0.008990	-0.011927	
0.009000	-0.013132	
0.009010	-0.014181	
0.009020	-0.015064	
0.009030	-0.015777	
0.009040	-0.016312	
0.009050	-0.016668	
0.009060	-0.016844	
0.009070	-0.016839	
0.009080	-0.016658	
0.009090	-0.016304	
0.009100	-0.015784	
0.009110	-0.015106	
0.009120	-0.014281	
0.009130	-0.013318	
0.009140	-0.012237	
0.009150	-0.011050	
0.009160	-0.009772	
0.009170	-0.008419	
0.009180	-0.007007	
0.009190	-0.005551	
0.009200	-0.004067	
0.009210	-0.002572	
0.009220	-0.001081	
0.009230	0.000390	
0.009240	0.001826	
0.009250	0.003214	
0.009260	0.004538	
0.009270	0.005788	
0.009280	0.006951	
0.009290	0.008017	
0.009300	0.008977	
0.009310	0.009823	
0.009320	0.010550	
0.009330	0.011150	
0.009340	0.011622	
0.009350	0.011963	
0.009360	0.012171	
0.009370	0.012248	
0.009380	0.012195	
0.009390	0.012017	
0.009400	0.011716	
0.009410	0.011299	
0.009420	0.010773	
0.009430	0.010146	
0.009440	0.009426	
0.009450	0.008622	
0.009460	0.007745	
0.009470	0.006805	
0.009480	0.005814	
0.009490	0.004783	
0.009500	0.003724	
0.009510	0.002647	
0.009520	0.001566	
0.009530	0.000491	
0.009540	-0.000567	
0.009550	-0.001597	
0.009560	-0.002589	
0.009570	-0.003532	
0.009580	-0.004420	
0.009590	-0.005242	
0.009600	-0.005993	
0.009610	-0.006666	
0.009620	-0.007254	
0.009630	-0.007755	
0.009640	-0.008164	
0.009650	-0.008480	
0.009660	-0.008700	
0.009670	-0.008825	
0.009680	-0.008855	
0.009690	-0.008792	
0.009700	-0.008638	
0.009710	-0.008398	
0.009720	-0.008074	
0.009730	-0.007674	
0.009740	-0.007201	
0.009750	-0.006663	
0.009760	-0.006067	
0.009770	-0.005420	
0.009780	-0.004729	
0.009790	-0.004004	
0.009800	-0.003252	
0.009810	-0.002482	
0.009820	-0.001702	
0.009830	-0.000920	
0.009840	-0.000146	
0.009850	0.000615	
0.009860	0.001352	
0.009870	0.002061	
0.009880	0.002733	
0.009890	0.003362	
0.009900	0.003943	
0.009910	0.004471	
0.009920	0.004941	
0.009930	0.005350	
0.009940	0.005694	
0.009950	0.005972	
0.009960	0.006181	
0.009970	0.006322	
0.009980	0.006394	
0.009990	0.006397	
