t	x	
0.000000	0.000000	
0.000010	0.002437	
0.000020	0.017949	
0.000030	0.057689	
0.000040	0.130656	
0.000050	0.243612	
0.000060	0.401754	
0.000070	0.607675	
0.000080	0.863023	
0.000090	1.165168	
0.000100	1.512098	
0.000110	1.900215	
0.000120	2.324349	
0.000130	2.778091	
0.000140	3.254239	
0.000150	3.744877	
0.000160	4.241708	
0.000170	4.736165	
0.000180	5.219697	
0.000190	5.683908	
0.000200	6.120853	
0.000210	6.523124	
0.000220	6.884028	
0.000230	7.197867	
0.000240	7.459933	
0.000250	7.666466	
0.000260	7.814453	
0.000270	7.902846	
0.000280	7.932205	
0.000290	7.903357	
0.000300	7.818969	
0.000310	7.681924	
0.000320	7.496516	
0.000330	7.267892	
0.000340	7.002084	
0.000350	6.705699	
0.000360	6.385795	
0.000370	6.049765	
0.000380	5.705199	
0.000390	5.359667	
0.000400	5.020576	
0.000410	4.695036	
0.000420	4.389712	
0.000430	4.110710	
0.000440	3.863346	
0.000450	3.652230	
0.000460	3.481112	
0.000470	3.353288	
0.000480	3.270150	
0.000490	3.233001	
0.000500	3.240756	
0.000510	3.292502	
0.000520	3.385921	
0.000530	3.518645	
0.000540	3.687088	
0.000550	3.886963	
0.000560	4.113458	
0.000570	4.361202	
0.000580	4.624544	
0.000590	4.897619	
0.000600	5.174468	
0.000610	5.449190	
0.000620	5.716036	
0.000630	5.969568	
0.000640	6.204761	
0.000650	6.417066	
0.000660	6.602497	
0.000670	6.757704	
0.000680	6.879624	
0.000690	6.966796	
0.000700	7.018030	
0.000710	7.032426	
0.000720	7.012020	
0.000730	6.957287	
0.000740	6.870479	
0.000750	6.753678	
0.000760	6.609966	
0.000770	6.442938	
0.000780	6.256605	
0.000790	6.055295	
0.000800	5.843570	
0.000810	5.626112	
0.000820	5.407623	
0.000830	5.192729	
0.000840	4.985897	
0.000850	4.791288	
0.000860	4.612740	
0.000870	4.453673	
0.000880	4.317049	
0.000890	4.205280	
0.000900	4.120561	
0.000910	4.063764	
0.000920	4.035370	
0.000930	4.035495	
0.000940	4.063421	
0.000950	4.117919	
0.000960	4.196916	
0.000970	4.298628	
0.000980	4.420443	
0.000990	4.559373	
0.001000	4.712127	
0.001010	4.875198	
0.001020	5.044928	
0.001030	5.217602	
0.001040	5.389518	
0.001050	5.557086	
0.001060	5.716861	
0.001070	5.865641	
0.001080	6.000523	
0.001090	6.118961	
0.001100	6.218792	
0.001110	6.297958	
0.001120	6.355564	
0.001130	6.390814	
0.001140	6.401387	
0.001150	6.391844	
0.001160	6.360838	
0.001170	6.309749	
0.001180	6.239736	
0.001190	6.152664	
0.001200	6.050719	
0.001210	5.936358	
0.001220	5.812256	
0.001230	5.681227	
0.001240	5.546186	
0.001250	5.410060	
0.001260	5.275743	
0.001270	5.146019	
0.001280	5.023521	
0.001290	4.910678	
0.001300	4.809668	
0.001310	4.722378	
0.001320	4.650657	
0.001330	4.595400	
0.001340	4.557429	
0.001350	4.536979	
0.001360	4.536051	
0.001370	4.550790	
0.001380	4.582116	
0.001390	4.628752	
0.001400	4.689690	
0.001410	4.763355	
0.001420	4.847931	
0.001430	4.941406	
0.001440	5.041628	
0.001450	5.146337	
0.001460	5.253228	
0.001470	5.360005	
0.001480	5.464419	
0.001490	5.564326	
0.001500	5.657717	
0.001510	5.742762	
0.001520	5.817842	
0.001530	5.881587	
0.001540	5.932623	
0.001550	5.970394	
0.001560	5.994359	
0.001570	6.003366	
0.001580	5.999761	
0.001590	5.982565	
0.001600	5.952629	
0.001610	5.911103	
0.001620	5.858836	
0.001630	5.797148	
0.001640	5.727534	
0.001650	5.651623	
0.001660	5.571151	
0.001670	5.487915	
0.001680	5.403729	
0.001690	5.320391	
0.001700	5.239630	
0.001710	5.163088	
0.001720	5.092289	
0.001730	5.028602	
0.001740	4.973222	
0.001750	4.927397	
0.001760	4.891652	
0.001770	4.866533	
0.001780	4.852422	
0.001790	4.850348	
0.001800	4.857825	
0.001810	4.875563	
0.001820	4.903008	
0.001830	4.939147	
0.001840	4.983282	
0.001850	5.034321	
0.001860	5.091045	
0.001870	5.152138	
0.001880	5.216219	
0.001890	5.281869	
0.001900	5.347672	
0.001910	5.412244	
0.001920	5.474253	
0.001930	5.532447	
0.001940	5.585682	
0.001950	5.632936	
0.001960	5.673104	
0.001970	5.705711	
0.001980	5.730231	
0.001990	5.746298	
0.002000	5.752147	
0.002010	5.751063	
0.002020	5.741867	
0.002030	5.724834	
0.002040	5.700476	
0.002050	5.669666	
0.002060	5.632965	
0.002070	5.591267	
0.002080	5.545554	
0.002090	5.496874	
0.002100	5.446320	
0.002110	5.395001	
0.002120	5.344012	
0.002130	5.294415	
0.002140	5.247224	
0.002150	5.203382	
0.002160	5.163743	
0.002170	5.129058	
0.002180	5.100154	
0.002190	5.077326	
0.002200	5.060931	
0.002210	5.051190	
0.002220	5.048333	
0.002230	5.051749	
0.002240	5.061497	
0.002250	5.077233	
0.002260	5.098455	
0.002270	5.124467	
0.002280	5.154793	
0.002290	5.188705	
0.002300	5.225413	
0.002310	5.264083	
0.002320	5.303853	
0.002330	5.343862	
0.002340	5.383267	
0.002350	5.421252	
0.002360	5.457049	
0.002370	5.489948	
0.002380	5.519315	
0.002390	5.544462	
0.002400	5.565082	
0.002410	5.580841	
0.002420	5.591496	
0.002430	5.596452	
0.002440	5.596102	
0.002450	5.591392	
0.002460	5.581916	
0.002470	5.567955	
0.002480	5.549896	
0.002490	5.528339	
0.002500	5.503666	
0.002510	5.476464	
0.002520	5.447357	
0.002530	5.417004	
0.002540	5.386071	
0.002550	5.355222	
0.002560	5.325104	
0.002570	5.296331	
0.002580	5.269482	
0.002590	5.245081	
0.002600	5.223716	
0.002610	5.205661	
0.002620	5.191221	
0.002630	5.180628	
0.002640	5.174057	
0.002650	5.172190	
0.002660	5.173624	
0.002670	5.178775	
0.002680	5.187519	
0.002690	5.199607	
0.002700	5.214605	
0.002710	5.232254	
0.002720	5.252127	
0.002730	5.273760	
0.002740	5.296658	
0.002750	5.320310	
0.002760	5.344203	
0.002770	5.367828	
0.002780	5.390694	
0.002790	5.412337	
0.002800	5.432326	
0.002810	5.450166	
0.002820	5.465624	
0.002830	5.478430	
0.002840	5.488369	
0.002850	5.495282	
0.002860	5.499025	
0.002870	5.499559	
0.002880	5.497351	
0.002890	5.492235	
0.002900	5.484427	
0.002910	5.474145	
0.002920	5.461752	
0.002930	5.447450	
0.002940	5.431580	
0.002950	5.414510	
0.002960	5.396626	
0.002970	5.378320	
0.002980	5.359988	
0.002990	5.342016	
0.003000	5.324777	
0.003010	5.308616	
0.003020	5.293949	
0.003030	5.280966	
0.003040	5.269902	
0.003050	5.260947	
0.003060	5.254249	
0.003070	5.249928	
0.003080	5.248268	
0.003090	5.248906	
0.003100	5.251518	
0.003110	5.256244	
0.003120	5.262954	
0.003130	5.271468	
0.003140	5.281483	
0.003150	5.292847	
0.003160	5.305294	
0.003170	5.318540	
0.003180	5.332288	
0.003190	5.346239	
0.003200	5.360095	
0.003210	5.373565	
0.003220	5.386374	
0.003230	5.398181	
0.003240	5.408825	
0.003250	5.418118	
0.003260	5.425894	
0.003270	5.432021	
0.003280	5.436415	
0.003290	5.438964	
0.003300	5.439167	
0.003310	5.438229	
0.003320	5.435721	
0.003330	5.431591	
0.003340	5.426013	
0.003350	5.419141	
0.003360	5.411152	
0.003370	5.402242	
0.003380	5.392623	
0.003390	5.382514	
0.003400	5.372140	
0.003410	5.361725	
0.003420	5.351487	
0.003430	5.341636	
0.003440	5.332367	
0.003450	5.323859	
0.003460	5.316269	
0.003470	5.309732	
0.003480	5.304359	
0.003490	5.300234	
0.003500	5.297428	
0.003510	5.296105	
0.003520	5.296385	
0.003530	5.297504	
0.003540	5.299787	
0.003550	5.303219	
0.003560	5.307687	
0.003570	5.313072	
0.003580	5.319238	
0.003590	5.326035	
0.003600	5.333305	
0.003610	5.340883	
0.003620	5.348603	
0.003630	5.356299	
0.003640	5.363812	
0.003650	5.370988	
0.003660	5.377687	
0.003670	5.383781	
0.003680	5.389159	
0.003690	5.393724	
0.003700	5.397401	
0.003710	5.400129	
0.003720	5.401852	
0.003730	5.402323	
0.003740	5.401932	
0.003750	5.400796	
0.003760	5.398801	
0.003770	5.396020	
0.003780	5.392478	
0.003790	5.388291	
0.003800	5.383563	
0.003810	5.378406	
0.003820	5.372939	
0.003830	5.367285	
0.003840	5.361567	
0.003850	5.355906	
0.003860	5.350419	
0.003870	5.345216	
0.003880	5.340400	
0.003890	5.336060	
0.003900	5.332277	
0.003910	5.329101	
0.003920	5.326620	
0.003930	5.324859	
0.003940	5.323907	
0.003950	5.323823	
0.003960	5.324248	
0.003970	5.325315	
0.003980	5.327009	
0.003990	5.329266	
0.004000	5.332035	
0.004010	5.335266	
0.004020	5.338870	
0.004030	5.342761	
0.004040	5.346850	
0.004050	5.351047	
0.004060	5.355262	
0.004070	5.359405	
0.004080	5.363392	
0.004090	5.367143	
0.004100	5.370586	
0.004110	5.373665	
0.004120	5.376308	
0.004130	5.378465	
0.004140	5.380113	
0.004150	5.381207	
0.004160	5.381642	
0.004170	5.381539	
0.004180	5.381020	
0.004190	5.380080	
0.004200	5.378705	
0.004210	5.376916	
0.004220	5.374772	
0.004230	5.372321	
0.004240	5.369619	
0.004250	5.366727	
0.004260	5.363708	
0.004270	5.360629	
0.004280	5.357554	
0.004290	5.354549	
0.004300	5.351676	
0.004310	5.348995	
0.004320	5.346560	
0.004330	5.344417	
0.004340	5.342609	
0.004350	5.341152	
0.004360	5.340087	
0.004370	5.339460	
0.004380	5.339275	
0.004390	5.339464	
0.004400	5.339956	
0.004410	5.340751	
0.004420	5.341851	
0.004430	5.343234	
0.004440	5.344871	
0.004450	5.346715	
0.004460	5.348724	
0.004470	5.350853	
0.004480	5.353055	
0.004490	5.355283	
0.004500	5.357489	
0.004510	5.359627	
0.004520	5.361653	
0.004530	5.363527	
0.004540	5.365210	
0.004550	5.366682	
0.004560	5.367907	
0.004570	5.368862	
0.004580	5.369520	
0.004590	5.369849	
0.004600	5.369906	
0.004610	5.369698	
0.004620	5.369264	
0.004630	5.368623	
0.004640	5.367774	
0.004650	5.366735	
0.004660	5.365528	
0.004670	5.364182	
0.004680	5.362727	
0.004690	5.361196	
0.004700	5.359623	
0.004710	5.358043	
0.004720	5.356487	
0.004730	5.354988	
0.004740	5.353578	
0.004750	5.352282	
0.004760	5.351128	
0.004770	5.350137	
0.004780	5.349329	
0.004790	5.348723	
0.004800	5.348345	
0.004810	5.348162	
0.004820	5.348170	
0.004830	5.348362	
0.004840	5.348725	
0.004850	5.349226	
0.004860	5.349864	
0.004870	5.350628	
0.004880	5.351501	
0.004890	5.352465	
0.004900	5.353496	
0.004910	5.354574	
0.004920	5.355673	
0.004930	5.356770	
0.004940	5.357843	
0.004950	5.358870	
0.004960	5.359829	
0.004970	5.360701	
0.004980	5.361469	
0.004990	5.362118	
0.005000	5.362633	
0.005010	5.362999	
0.005020	5.363231	
0.005030	5.363329	
0.005040	5.363296	
0.005050	5.363138	
0.005060	5.362865	
0.005070	5.362486	
0.005080	5.362021	
0.005090	5.361476	
0.005100	5.360863	
0.005110	5.360194	
0.005120	5.359483	
0.005130	5.358747	
0.005140	5.358001	
0.005150	5.357262	
0.005160	5.356543	
0.005170	5.355861	
0.005180	5.355229	
0.005190	5.354661	
0.005200	5.354167	
0.005210	5.353759	
0.005220	5.353440	
0.005230	5.353209	
0.005240	5.353069	
0.005250	5.353017	
0.005260	5.353052	
0.005270	5.353170	
0.005280	5.353363	
0.005290	5.353627	
0.005300	5.353951	
0.005310	5.354327	
0.005320	5.354744	
0.005330	5.355194	
0.005340	5.355666	
0.005350	5.356151	
0.005360	5.356639	
0.005370	5.357119	
0.005380	5.357582	
0.005390	5.358018	
0.005400	5.358417	
0.005410	5.358773	
0.005420	5.359081	
0.005430	5.359336	
0.005440	5.359537	
0.005450	5.359680	
0.005460	5.359765	
0.005470	5.359794	
0.005480	5.359767	
0.005490	5.359687	
0.005500	5.359558	
0.005510	5.359386	
0.005520	5.359174	
0.005530	5.358930	
0.005540	5.358659	
0.005550	5.358368	
0.005560	5.358064	
0.005570	5.357753	
0.005580	5.357443	
0.005590	5.357140	
0.005600	5.356848	
0.005610	5.356575	
0.005620	5.356325	
0.005630	5.356101	
0.005640	5.355908	
0.005650	5.355748	
0.005660	5.355623	
0.005670	5.355535	
0.005680	5.355483	
0.005690	5.355467	
0.005700	5.355486	
0.005710	5.355538	
0.005720	5.355621	
0.005730	5.355731	
0.005740	5.355866	
0.005750	5.356022	
0.005760	5.356194	
0.005770	5.356378	
0.005780	5.356571	
0.005790	5.356767	
0.005800	5.356963	
0.005810	5.357155	
0.005820	5.357339	
0.005830	5.357511	
0.005840	5.357668	
0.005850	5.357809	
0.005860	5.357930	
0.005870	5.358029	
0.005880	5.358107	
0.005890	5.358162	
0.005900	5.358194	
0.005910	5.358203	
0.005920	5.358189	
0.005930	5.358155	
0.005940	5.358102	
0.005950	5.358031	
0.005960	5.357945	
0.005970	5.357846	
0.005980	5.357737	
0.005990	5.357620	
0.006000	5.357498	
0.006010	5.357374	
0.006020	5.357250	
0.006030	5.357129	
0.006040	5.357013	
0.006050	5.356905	
0.006060	5.356806	
0.006070	5.356718	
0.006080	5.356642	
0.006090	5.356579	
0.006100	5.356531	
0.006110	5.356497	
0.006120	5.356478	
0.006130	5.356473	
0.006140	5.356482	
0.006150	5.356504	
0.006160	5.356539	
0.006170	5.356584	
0.006180	5.356639	
0.006190	5.356702	
0.006200	5.356771	
0.006210	5.356845	
0.006220	5.356923	
0.006230	5.357001	
0.006240	5.357079	
0.006250	5.357156	
0.006260	5.357229	
0.006270	5.357297	
0.006280	5.357359	
0.006290	5.357415	
0.006300	5.357462	
0.006310	5.357501	
0.006320	5.357531	
0.006330	5.357552	
0.006340	5.357564	
0.006350	5.357566	
0.006360	5.357560	
0.006370	5.357546	
0.006380	5.357524	
0.006390	5.357495	
0.006400	5.357460	
0.006410	5.357420	
0.006420	5.357375	
0.006430	5.357328	
0.006440	5.357280	
0.006450	5.357230	
0.006460	5.357180	
0.006470	5.357132	
0.006480	5.357086	
0.006490	5.357043	
0.006500	5.357004	
0.006510	5.356969	
0.006520	5.356940	
0.006530	5.356915	
0.006540	5.356896	
0.006550	5.356884	
0.006560	5.356876	
0.006570	5.356875	
0.006580	5.356879	
0.006590	5.356889	
0.006600	5.356903	
0.006610	5.356922	
0.006620	5.356944	
0.006630	5.356969	
0.006640	5.356997	
0.006650	5.357027	
0.006660	5.357058	
0.006670	5.357090	
0.006680	5.357121	
0.006690	5.357151	
0.006700	5.357180	
0.006710	5.357207	
0.006720	5.357232	
0.006730	5.357254	
0.006740	5.357272	
0.006750	5.357288	
0.006760	5.357299	
0.006770	5.357307	
0.006780	5.357311	
0.006790	5.357312	
0.006800	5.357309	
0.006810	5.357303	
0.006820	5.357294	
0.006830	5.357282	
0.006840	5.357268	
0.006850	5.357252	
0.006860	5.357234	
0.006870	5.357215	
0.006880	5.357195	
0.006890	5.357176	
0.006900	5.357156	
0.006910	5.357137	
0.006920	5.357118	
0.006930	5.357101	
0.006940	5.357086	
0.006950	5.357072	
0.006960	5.357060	
0.006970	5.357051	
0.006980	5.357044	
0.006990	5.357039	
0.007000	5.357036	
0.007010	5.357036	
0.007020	5.357038	
0.007030	5.357042	
0.007040	5.357048	
0.007050	5.357055	
0.007060	5.357064	
0.007070	5.357075	
0.007080	5.357086	
0.007090	5.357098	
0.007100	5.357110	
0.007110	5.357123	
0.007120	5.357135	
0.007130	5.357147	
0.007140	5.357159	
0.007150	5.357170	
0.007160	5.357179	
0.007170	5.357188	
0.007180	5.357195	
0.007190	5.357201	
0.007200	5.357206	
0.007210	5.357209	
0.007220	5.357210	
0.007230	5.357210	
0.007240	5.357209	
0.007250	5.357207	
0.007260	5.357203	
0.007270	5.357198	
0.007280	5.357192	
0.007290	5.357186	
0.007300	5.357178	
0.007310	5.357171	
0.007320	5.357163	
0.007330	5.357155	
0.007340	5.357147	
0.007350	5.357140	
0.007360	5.357132	
0.007370	5.357126	
0.007380	5.357119	
0.007390	5.357114	
0.007400	5.357109	
0.007410	5.357106	
0.007420	5.357103	
0.007430	5.357101	
0.007440	5.357100	
0.007450	5.357100	
0.007460	5.357101	
0.007470	5.357103	
0.007480	5.357105	
0.007490	5.357108	
0.007500	5.357112	
0.007510	5.357116	
0.007520	5.357121	
0.007530	5.357125	
0.007540	5.357130	
0.007550	5.357135	
0.007560	5.357140	
0.007570	5.357145	
0.007580	5.357150	
0.007590	5.357154	
0.007600	5.357158	
0.007610	5.357161	
0.007620	5.357164	
0.007630	5.357166	
0.007640	5.357168	
0.007650	5.357169	
0.007660	5.357170	
0.007670	5.357170	
0.007680	5.357169	
0.007690	5.357168	
0.007700	5.357167	
0.007710	5.357165	
0.007720	5.357162	
0.007730	5.357160	
0.007740	5.357157	
0.007750	5.357154	
0.007760	5.357151	
0.007770	5.357147	
0.007780	5.357144	
0.007790	5.357141	
0.007800	5.357138	
0.007810	5.357136	
0.007820	5.357133	
0.007830	5.357131	
0.007840	5.357129	
0.007850	5.357128	
0.007860	5.357127	
0.007870	5.357126	
0.007880	5.357126	
0.007890	5.357126	
0.007900	5.357126	
0.007910	5.357127	
0.007920	5.357128	
0.007930	5.357129	
0.007940	5.357131	
0.007950	5.357132	
0.007960	5.357134	
0.007970	5.357136	
0.007980	5.357138	
0.007990	5.357140	
0.008000	5.357142	
0.008010	5.357144	
0.008020	5.357146	
0.008030	5.357148	
0.008040	5.357149	
0.008050	5.357150	
0.008060	5.357151	
0.008070	5.357152	
0.008080	5.357153	
0.008090	5.357153	
0.008100	5.357154	
0.008110	5.357154	
0.008120	5.357153	
0.008130	5.357153	
0.008140	5.357152	
0.008150	5.357151	
0.008160	5.357151	
0.008170	5.357149	
0.008180	5.357148	
0.008190	5.357147	
0.008200	5.357146	
0.008210	5.357145	
0.008220	5.357143	
0.008230	5.357142	
0.008240	5.357141	
0.008250	5.357140	
0.008260	5.357139	
0.008270	5.357138	
0.008280	5.357137	
0.008290	5.357137	
0.008300	5.357136	
0.008310	5.357136	
0.008320	5.357136	
0.008330	5.357136	
0.008340	5.357136	
0.008350	5.357137	
0.008360	5.357137	
0.008370	5.357137	
0.008380	5.357138	
0.008390	5.357139	
0.008400	5.357139	
0.008410	5.357140	
0.008420	5.357141	
0.008430	5.357142	
0.008440	5.357143	
0.008450	5.357143	
0.008460	5.357144	
0.008470	5.357145	
0.008480	5.357145	
0.008490	5.357146	
0.008500	5.357146	
0.008510	5.357147	
0.008520	5.357147	
0.008530	5.357147	
0.008540	5.357147	
0.008550	5.357147	
0.008560	5.357147	
0.008570	5.357147	
0.008580	5.357147	
0.008590	5.357146	
0.008600	5.357146	
0.008610	5.357145	
0.008620	5.357145	
0.008630	5.357144	
0.008640	5.357144	
0.008650	5.357143	
0.008660	5.357143	
0.008670	5.357142	
0.008680	5.357142	
0.008690	5.357142	
0.008700	5.357141	
0.008710	5.357141	
0.008720	5.357141	
0.008730	5.357140	
0.008740	5.357140	
0.008750	5.357140	
0.008760	5.357140	
0.008770	5.357140	
0.008780	5.357140	
0.008790	5.357140	
0.008800	5.357141	
0.008810	5.357141	
0.008820	5.357141	
0.008830	5.357141	
0.008840	5.357142	
0.008850	5.357142	
0.008860	5.357142	
0.008870	5.357142	
0.008880	5.357143	
0.008890	5.357143	
0.008900	5.357143	
0.008910	5.357144	
0.008920	5.357144	
0.008930	5.357144	
0.008940	5.357144	
0.008950	5.357144	
0.008960	5.357145	
0.008970	5.357145	
0.008980	5.357145	
0.008990	5.357145	
0.009000	5.357145	
0.009010	5.357144	
0.009020	5.357144	
0.009030	5.357144	
0.009040	5.357144	
0.009050	5.357144	
0.009060	5.357144	
0.009070	5.357143	
0.009080	5.357143	
0.009090	5.357143	
0.009100	5.357143	
0.009110	5.357143	
0.009120	5.357143	
0.009130	5.357142	
0.009140	5.357142	
0.009150	5.357142	
0.009160	5.357142	
0.009170	5.357142	
0.009180	5.357142	
0.009190	5.357142	
0.009200	5.357142	
0.009210	5.357142	
0.009220	5.357142	
0.009230	5.357142	
0.009240	5.357142	
0.009250	5.357142	
0.009260	5.357142	
0.009270	5.357142	
0.009280	5.357142	
0.009290	5.357142	
0.009300	5.357143	
0.009310	5.357143	
0.009320	5.357143	
0.009330	5.357143	
0.009340	5.357143	
0.009350	5.357143	
0.009360	5.357143	
0.009370	5.357143	
0.009380	5.357143	
0.009390	5.357143	
0.009400	5.357144	
0.009410	5.357144	
0.009420	5.357144	
0.009430	5.357144	
0.009440	5.357144	
0.009450	5.357143	
0.009460	5.357143	
0.009470	5.357143	
0.009480	5.357143	
0.009490	5.357143	
0.009500	5.357143	
0.009510	5.357143	
0.009520	5.357143	
0.009530	5.357143	
0.009540	5.357143	
0.009550	5.357143	
0.009560	5.357143	
0.009570	5.357143	
0.009580	5.357143	
0.009590	5.357143	
0.009600	5.357142	
0.009610	5.357142	
0.009620	5.357142	
0.009630	5.357142	
0.009640	5.357142	
0.009650	5.357142	
0.009660	5.357142	
0.009670	5.357142	
0.009680	5.357142	
0.009690	5.357143	
0.009700	5.357143	
0.009710	5.357143	
0.009720	5.357143	
0.009730	5.357143	
0.009740	5.357143	
0.009750	5.357143	
0.009760	5.357143	
0.009770	5.357143	
0.009780	5.357143	
0.009790	5.357143	
0.009800	5.357143	
0.009810	5.357143	
0.009820	5.357143	
0.009830	5.357143	
0.009840	5.357143	
0.009850	5.357143	
0.009860	5.357143	
0.009870	5.357143	
0.009880	5.357143	
0.009890	5.357143	
0.009900	5.357143	
0.009910	5.357143	
0.009920	5.357143	
0.009930	5.357143	
0.009940	5.357143	
0.009950	5.357143	
0.009960	5.357143	
0.009970	5.357143	
0.009980	5.357143	
0.009990	5.357143	
