t	x	
0.000000	0.000000	
0.000010	0.001849	
0.000020	0.013582	
0.000030	0.043673	
0.000040	0.099120	
0.000050	0.185415	
0.000060	0.306832	
0.000070	0.466578	
0.000080	0.666078	
0.000090	0.908598	
0.000100	1.186827	
0.000110	1.501864	
0.000120	1.851371	
0.000130	2.231818	
0.000140	2.638911	
0.000150	3.067789	
0.000160	3.513002	
0.000170	3.968772	
0.000180	4.429067	
0.000190	4.887703	
0.000200	5.338493	
0.000210	5.775356	
0.000220	6.192395	
0.000230	6.584046	
0.000240	6.945189	
0.000250	7.271149	
0.000260	7.557814	
0.000270	7.801694	
0.000280	7.999949	
0.000290	8.149952	
0.000300	8.250856	
0.000310	8.300124	
0.000320	8.302244	
0.000330	8.256316	
0.000340	8.164450	
0.000350	8.028420	
0.000360	7.851202	
0.000370	7.636377	
0.000380	7.388062	
0.000390	7.110810	
0.000400	6.809526	
0.000410	6.489487	
0.000420	6.156134	
0.000430	5.815033	
0.000440	5.471765	
0.000450	5.131848	
0.000460	4.800675	
0.000470	4.483352	
0.000480	4.184728	
0.000490	3.909251	
0.000500	3.660943	
0.000510	3.443331	
0.000520	3.259428	
0.000530	3.111646	
0.000540	3.002251	
0.000550	2.931928	
0.000560	2.905572	
0.000570	2.914150	
0.000580	2.960996	
0.000590	3.044417	
0.000600	3.163024	
0.000610	3.314409	
0.000620	3.495670	
0.000630	3.703468	
0.000640	3.934092	
0.000650	4.183536	
0.000660	4.447548	
0.000670	4.721712	
0.000680	5.001526	
0.000690	5.282466	
0.000700	5.560063	
0.000710	5.829960	
0.000720	6.088023	
0.000730	6.330353	
0.000740	6.553372	
0.000750	6.753832	
0.000760	6.928910	
0.000770	7.076229	
0.000780	7.193402	
0.000790	7.279527	
0.000800	7.333690	
0.000810	7.353626	
0.000820	7.343503	
0.000830	7.302257	
0.000840	7.230928	
0.000850	7.131597	
0.000860	7.005783	
0.000870	6.855888	
0.000880	6.684665	
0.000890	6.495168	
0.000900	6.290687	
0.000910	6.074703	
0.000920	5.850824	
0.000930	5.622724	
0.000940	5.394086	
0.000950	5.168545	
0.000960	4.949607	
0.000970	4.740649	
0.000980	4.544824	
0.000990	4.365028	
0.001000	4.203855	
0.001010	4.063574	
0.001020	3.946094	
0.001030	3.853342	
0.001040	3.785973	
0.001050	3.744685	
0.001060	3.732195	
0.001070	3.743142	
0.001080	3.779330	
0.001090	3.839866	
0.001100	3.922987	
0.001110	4.027458	
0.001120	4.151290	
0.001130	4.292221	
0.001140	4.447744	
0.001150	4.615168	
0.001160	4.791651	
0.001170	4.974246	
0.001180	5.159962	
0.001190	5.345807	
0.001200	5.528835	
0.001210	5.706187	
0.001220	5.875148	
0.001230	6.033178	
0.001240	6.177938	
0.001250	6.307342	
0.001260	6.419573	
0.001270	6.513124	
0.001280	6.586434	
0.001290	6.639020	
0.001300	6.670309	
0.001310	6.678779	
0.001320	6.667873	
0.001330	6.636302	
0.001340	6.585039	
0.001350	6.515583	
0.001360	6.428927	
0.001370	6.326710	
0.001380	6.210794	
0.001390	6.083232	
0.001400	5.946226	
0.001410	5.802101	
0.001420	5.653259	
0.001430	5.502135	
0.001440	5.351159	
0.001450	5.202728	
0.001460	5.059144	
0.001470	4.922606	
0.001480	4.795166	
0.001490	4.678703	
0.001500	4.574891	
0.001510	4.485172	
0.001520	4.411112	
0.001530	4.353289	
0.001540	4.312371	
0.001550	4.288828	
0.001560	4.283257	
0.001570	4.294081	
0.001580	4.321453	
0.001590	4.364729	
0.001600	4.422632	
0.001610	4.494370	
0.001620	4.578595	
0.001630	4.673779	
0.001640	4.778240	
0.001650	4.890179	
0.001660	5.007701	
0.001670	5.128849	
0.001680	5.251645	
0.001690	5.374116	
0.001700	5.494319	
0.001710	5.610398	
0.001720	5.720577	
0.001730	5.823205	
0.001740	5.916777	
0.001750	5.999950	
0.001760	6.071567	
0.001770	6.130339	
0.001780	6.175859	
0.001790	6.207602	
0.001800	6.225485	
0.001810	6.227102	
0.001820	6.216920	
0.001830	6.193391	
0.001840	6.157054	
0.001850	6.108998	
0.001860	6.049841	
0.001870	5.980691	
0.001880	5.902798	
0.001890	5.817535	
0.001900	5.726366	
0.001910	5.630834	
0.001920	5.532528	
0.001930	5.433049	
0.001940	5.333995	
0.001950	5.236923	
0.001960	5.143338	
0.001970	5.054667	
0.001980	4.972238	
0.001990	4.897261	
0.002000	4.830809	
0.002010	4.773805	
0.002020	4.727304	
0.002030	4.691586	
0.002040	4.667063	
0.002050	4.653945	
0.002060	4.653497	
0.002070	4.662867	
0.002080	4.682986	
0.002090	4.713402	
0.002100	4.753186	
0.002110	4.801861	
0.002120	4.858520	
0.002130	4.922142	
0.002140	4.991608	
0.002150	5.065726	
0.002160	5.143246	
0.002170	5.222879	
0.002180	5.303331	
0.002190	5.383310	
0.002200	5.461563	
0.002210	5.536878	
0.002220	5.608110	
0.002230	5.674194	
0.002240	5.734163	
0.002250	5.787160	
0.002260	5.832167	
0.002270	5.868873	
0.002280	5.896826	
0.002290	5.915705	
0.002300	5.925258	
0.002310	5.924822	
0.002320	5.916411	
0.002330	5.899325	
0.002340	5.873981	
0.002350	5.841164	
0.002360	5.801245	
0.002370	5.754962	
0.002380	5.703148	
0.002390	5.646711	
0.002400	5.586618	
0.002410	5.523882	
0.002420	5.459544	
0.002430	5.394651	
0.002440	5.330239	
0.002450	5.267316	
0.002460	5.206854	
0.002470	5.149772	
0.002480	5.096922	
0.002490	5.049076	
0.002500	5.006919	
0.002510	4.971235	
0.002520	4.942287	
0.002530	4.920426	
0.002540	4.905910	
0.002550	4.900259	
0.002560	4.901244	
0.002570	4.908670	
0.002580	4.923004	
0.002590	4.943937	
0.002600	4.970844	
0.002610	5.003400	
0.002620	5.041005	
0.002630	5.082985	
0.002640	5.128607	
0.002650	5.177089	
0.002660	5.227616	
0.002670	5.279349	
0.002680	5.331450	
0.002690	5.383087	
0.002700	5.433455	
0.002710	5.481776	
0.002720	5.527317	
0.002730	5.569400	
0.002740	5.607410	
0.002750	5.640627	
0.002760	5.668771	
0.002770	5.691481	
0.002780	5.708480	
0.002790	5.719558	
0.002800	5.723714	
0.002810	5.722416	
0.002820	5.715933	
0.002830	5.703943	
0.002840	5.686700	
0.002850	5.664556	
0.002860	5.638110	
0.002870	5.607669	
0.002880	5.573778	
0.002890	5.537028	
0.002900	5.498048	
0.002910	5.457492	
0.002920	5.416031	
0.002930	5.374335	
0.002940	5.333070	
0.002950	5.292880	
0.002960	5.254383	
0.002970	5.218162	
0.002980	5.184754	
0.002990	5.154646	
0.003000	5.128422	
0.003010	5.106288	
0.003020	5.088526	
0.003030	5.075355	
0.003040	5.066950	
0.003050	5.064008	
0.003060	5.065451	
0.003070	5.071045	
0.003080	5.081011	
0.003090	5.095147	
0.003100	5.113163	
0.003110	5.134567	
0.003120	5.159122	
0.003130	5.186390	
0.003140	5.215898	
0.003150	5.247141	
0.003160	5.279595	
0.003170	5.312725	
0.003180	5.345997	
0.003190	5.378880	
0.003200	5.410859	
0.003210	5.441445	
0.003220	5.470174	
0.003230	5.496620	
0.003240	5.520255	
0.003250	5.540883	
0.003260	5.558227	
0.003270	5.572065	
0.003280	5.582225	
0.003290	5.588686	
0.003300	5.590628	
0.003310	5.589155	
0.003320	5.584382	
0.003330	5.576153	
0.003340	5.564630	
0.003350	5.550047	
0.003360	5.532811	
0.003370	5.513100	
0.003380	5.491264	
0.003390	5.467682	
0.003400	5.442758	
0.003410	5.416907	
0.003420	5.390553	
0.003430	5.364121	
0.003440	5.338034	
0.003450	5.312698	
0.003460	5.288503	
0.003470	5.265815	
0.003480	5.244970	
0.003490	5.226394	
0.003500	5.210229	
0.003510	5.196690	
0.003520	5.185951	
0.003530	5.178149	
0.003540	5.173339	
0.003550	5.172307	
0.003560	5.173730	
0.003570	5.177737	
0.003580	5.184463	
0.003590	5.193773	
0.003600	5.205483	
0.003610	5.219253	
0.003620	5.234956	
0.003630	5.252311	
0.003640	5.271019	
0.003650	5.290763	
0.003660	5.311214	
0.003670	5.332037	
0.003680	5.352895	
0.003690	5.373457	
0.003700	5.393402	
0.003710	5.412422	
0.003720	5.430230	
0.003730	5.446444	
0.003740	5.460942	
0.003750	5.473524	
0.003760	5.484024	
0.003770	5.492305	
0.003780	5.498284	
0.003790	5.501843	
0.003800	5.502273	
0.003810	5.500965	
0.003820	5.497760	
0.003830	5.492353	
0.003840	5.484923	
0.003850	5.475625	
0.003860	5.464642	
0.003870	5.452181	
0.003880	5.438530	
0.003890	5.423837	
0.003900	5.408349	
0.003910	5.392326	
0.003920	5.376029	
0.003930	5.359720	
0.003940	5.343659	
0.003950	5.328097	
0.003960	5.313340	
0.003970	5.299564	
0.003980	5.286968	
0.003990	5.275725	
0.004000	5.265987	
0.004010	5.257877	
0.004020	5.251495	
0.004030	5.246876	
0.004040	5.244187	
0.004050	5.243929	
0.004060	5.244863	
0.004070	5.247497	
0.004080	5.251794	
0.004090	5.257663	
0.004100	5.264983	
0.004110	5.273612	
0.004120	5.283387	
0.004130	5.294133	
0.004140	5.305659	
0.004150	5.317770	
0.004160	5.330261	
0.004170	5.342930	
0.004180	5.355572	
0.004190	5.367989	
0.004200	5.379990	
0.004210	5.391395	
0.004220	5.402034	
0.004230	5.411757	
0.004240	5.420427	
0.004250	5.427928	
0.004260	5.434164	
0.004270	5.439107	
0.004280	5.442585	
0.004290	5.444582	
0.004300	5.444739	
0.004310	5.443976	
0.004320	5.441855	
0.004330	5.438512	
0.004340	5.433934	
0.004350	5.428238	
0.004360	5.421535	
0.004370	5.413949	
0.004380	5.405617	
0.004390	5.396685	
0.004400	5.387306	
0.004410	5.377636	
0.004420	5.367835	
0.004430	5.358058	
0.004440	5.348459	
0.004450	5.339186	
0.004460	5.330380	
0.004470	5.322169	
0.004480	5.314671	
0.004490	5.307991	
0.004500	5.302220	
0.004510	5.297392	
0.004520	5.293642	
0.004530	5.291026	
0.004540	5.289605	
0.004550	5.289514	
0.004560	5.290137	
0.004570	5.291802	
0.004580	5.294444	
0.004590	5.297987	
0.004600	5.302409	
0.004610	5.307605	
0.004620	5.313478	
0.004630	5.319924	
0.004640	5.326829	
0.004650	5.334075	
0.004660	5.341543	
0.004670	5.349109	
0.004680	5.356652	
0.004690	5.364054	
0.004700	5.371202	
0.004710	5.377987	
0.004720	5.384308	
0.004730	5.390077	
0.004740	5.395210	
0.004750	5.399663	
0.004760	5.403335	
0.004770	5.406174	
0.004780	5.408171	
0.004790	5.409207	
0.004800	5.409255	
0.004810	5.408745	
0.004820	5.407422	
0.004830	5.405345	
0.004840	5.402576	
0.004850	5.399164	
0.004860	5.395166	
0.004870	5.390632	
0.004880	5.385659	
0.004890	5.380336	
0.004900	5.374753	
0.004910	5.369002	
0.004920	5.363179	
0.004930	5.357375	
0.004940	5.351682	
0.004950	5.346188	
0.004960	5.340976	
0.004970	5.336122	
0.004980	5.331681	
0.004990	5.327735	
0.005000	5.324345	
0.005010	5.321557	
0.005020	5.319390	
0.005030	5.317893	
0.005040	5.317160	
0.005050	5.317137	
0.005060	5.317557	
0.005070	5.318606	
0.005080	5.320208	
0.005090	5.322360	
0.005100	5.325001	
0.005110	5.328087	
0.005120	5.331563	
0.005130	5.335372	
0.005140	5.339449	
0.005150	5.343728	
0.005160	5.348139	
0.005170	5.352604	
0.005180	5.357052	
0.005190	5.361419	
0.005200	5.365635	
0.005210	5.369634	
0.005220	5.373355	
0.005230	5.376741	
0.005240	5.379743	
0.005250	5.382317	
0.005260	5.384443	
0.005270	5.386080	
0.005280	5.387191	
0.005290	5.387691	
0.005300	5.387702	
0.005310	5.387350	
0.005320	5.386521	
0.005330	5.385281	
0.005340	5.383638	
0.005350	5.381609	
0.005360	5.379245	
0.005370	5.376586	
0.005380	5.373679	
0.005390	5.370571	
0.005400	5.367316	
0.005410	5.363965	
0.005420	5.360573	
0.005430	5.357195	
0.005440	5.353884	
0.005450	5.350691	
0.005460	5.347667	
0.005470	5.344857	
0.005480	5.342303	
0.005490	5.340043	
0.005500	5.338095	
0.005510	5.336496	
0.005520	5.335274	
0.005530	5.334461	
0.005540	5.334082	
0.005550	5.334073	
0.005560	5.334377	
0.005570	5.335026	
0.005580	5.335971	
0.005590	5.337213	
0.005600	5.338734	
0.005610	5.340509	
0.005620	5.342505	
0.005630	5.344694	
0.005640	5.347030	
0.005650	5.349474	
0.005660	5.351988	
0.005670	5.354530	
0.005680	5.357059	
0.005690	5.359535	
0.005700	5.361921	
0.005710	5.364178	
0.005720	5.366281	
0.005730	5.368194	
0.005740	5.369889	
0.005750	5.371341	
0.005760	5.372528	
0.005770	5.373428	
0.005780	5.374013	
0.005790	5.374302	
0.005800	5.374317	
0.005810	5.374065	
0.005820	5.373561	
0.005830	5.372850	
0.005840	5.371927	
0.005850	5.370802	
0.005860	5.369491	
0.005870	5.368018	
0.005880	5.366407	
0.005890	5.364686	
0.005900	5.362883	
0.005910	5.361028	
0.005920	5.359151	
0.005930	5.357283	
0.005940	5.355452	
0.005950	5.353687	
0.005960	5.352015	
0.005970	5.350462	
0.005980	5.349050	
0.005990	5.347800	
0.006000	5.346732	
0.006010	5.345862	
0.006020	5.345209	
0.006030	5.344781	
0.006040	5.344557	
0.006050	5.344536	
0.006060	5.344711	
0.006070	5.345073	
0.006080	5.345605	
0.006090	5.346285	
0.006100	5.347109	
0.006110	5.348065	
0.006120	5.349139	
0.006130	5.350311	
0.006140	5.351564	
0.006150	5.352875	
0.006160	5.354224	
0.006170	5.355589	
0.006180	5.356947	
0.006190	5.358278	
0.006200	5.359561	
0.006210	5.360775	
0.006220	5.361904	
0.006230	5.362928	
0.006240	5.363834	
0.006250	5.364606	
0.006260	5.365230	
0.006270	5.365699	
0.006280	5.366020	
0.006290	5.366194	
0.006300	5.366221	
0.006310	5.366108	
0.006320	5.365858	
0.006330	5.365482	
0.006340	5.364988	
0.006350	5.364395	
0.006360	5.363710	
0.006370	5.362944	
0.006380	5.362109	
0.006390	5.361217	
0.006400	5.360284	
0.006410	5.359324	
0.006420	5.358354	
0.006430	5.357388	
0.006440	5.356442	
0.006450	5.355531	
0.006460	5.354668	
0.006470	5.353868	
0.006480	5.353141	
0.006490	5.352501	
0.006500	5.351957	
0.006510	5.351514	
0.006520	5.351172	
0.006530	5.350932	
0.006540	5.350797	
0.006550	5.350764	
0.006560	5.350831	
0.006570	5.350994	
0.006580	5.351247	
0.006590	5.351583	
0.006600	5.351996	
0.006610	5.352475	
0.006620	5.353010	
0.006630	5.353592	
0.006640	5.354212	
0.006650	5.354860	
0.006660	5.355525	
0.006670	5.356197	
0.006680	5.356866	
0.006690	5.357520	
0.006700	5.358150	
0.006710	5.358746	
0.006720	5.359297	
0.006730	5.359797	
0.006740	5.360240	
0.006750	5.360621	
0.006760	5.360936	
0.006770	5.361183	
0.006780	5.361359	
0.006790	5.361465	
0.006800	5.361500	
0.006810	5.361467	
0.006820	5.361368	
0.006830	5.361206	
0.006840	5.360986	
0.006850	5.360714	
0.006860	5.360394	
0.006870	5.360035	
0.006880	5.359641	
0.006890	5.359221	
0.006900	5.358781	
0.006910	5.358330	
0.006920	5.357875	
0.006930	5.357422	
0.006940	5.356979	
0.006950	5.356552	
0.006960	5.356148	
0.006970	5.355771	
0.006980	5.355428	
0.006990	5.355122	
0.007000	5.354856	
0.007010	5.354635	
0.007020	5.354459	
0.007030	5.354330	
0.007040	5.354248	
0.007050	5.354214	
0.007060	5.354227	
0.007070	5.354284	
0.007080	5.354384	
0.007090	5.354524	
0.007100	5.354700	
0.007110	5.354908	
0.007120	5.355145	
0.007130	5.355405	
0.007140	5.355684	
0.007150	5.355977	
0.007160	5.356279	
0.007170	5.356585	
0.007180	5.356890	
0.007190	5.357189	
0.007200	5.357479	
0.007210	5.357755	
0.007220	5.358012	
0.007230	5.358248	
0.007240	5.358459	
0.007250	5.358644	
0.007260	5.358800	
0.007270	5.358925	
0.007280	5.359018	
0.007290	5.359080	
0.007300	5.359109	
0.007310	5.359108	
0.007320	5.359075	
0.007330	5.359014	
0.007340	5.358926	
0.007350	5.358813	
0.007360	5.358677	
0.007370	5.358522	
0.007380	5.358350	
0.007390	5.358165	
0.007400	5.357970	
0.007410	5.357768	
0.007420	5.357563	
0.007430	5.357357	
0.007440	5.357155	
0.007450	5.356958	
0.007460	5.356771	
0.007470	5.356595	
0.007480	5.356433	
0.007490	5.356287	
0.007500	5.356159	
0.007510	5.356050	
0.007520	5.355961	
0.007530	5.355894	
0.007540	5.355848	
0.007550	5.355823	
0.007560	5.355820	
0.007570	5.355837	
0.007580	5.355874	
0.007590	5.355930	
0.007600	5.356002	
0.007610	5.356090	
0.007620	5.356192	
0.007630	5.356305	
0.007640	5.356428	
0.007650	5.356558	
0.007660	5.356693	
0.007670	5.356831	
0.007680	5.356969	
0.007690	5.357106	
0.007700	5.357239	
0.007710	5.357366	
0.007720	5.357487	
0.007730	5.357598	
0.007740	5.357698	
0.007750	5.357787	
0.007760	5.357863	
0.007770	5.357925	
0.007780	5.357974	
0.007790	5.358008	
0.007800	5.358028	
0.007810	5.358033	
0.007820	5.358024	
0.007830	5.358002	
0.007840	5.357967	
0.007850	5.357921	
0.007860	5.357864	
0.007870	5.357798	
0.007880	5.357723	
0.007890	5.357642	
0.007900	5.357555	
0.007910	5.357465	
0.007920	5.357373	
0.007930	5.357280	
0.007940	5.357187	
0.007950	5.357097	
0.007960	5.357011	
0.007970	5.356929	
0.007980	5.356853	
0.007990	5.356784	
0.008000	5.356722	
0.008010	5.356669	
0.008020	5.356625	
0.008030	5.356590	
0.008040	5.356565	
0.008050	5.356550	
0.008060	5.356544	
0.008070	5.356548	
0.008080	5.356561	
0.008090	5.356583	
0.008100	5.356612	
0.008110	5.356649	
0.008120	5.356693	
0.008130	5.356742	
0.008140	5.356795	
0.008150	5.356853	
0.008160	5.356913	
0.008170	5.356975	
0.008180	5.357037	
0.008190	5.357100	
0.008200	5.357161	
0.008210	5.357219	
0.008220	5.357275	
0.008230	5.357327	
0.008240	5.357375	
0.008250	5.357417	
0.008260	5.357454	
0.008270	5.357485	
0.008280	5.357510	
0.008290	5.357528	
0.008300	5.357540	
0.008310	5.357545	
0.008320	5.357544	
0.008330	5.357536	
0.008340	5.357523	
0.008350	5.357504	
0.008360	5.357480	
0.008370	5.357452	
0.008380	5.357420	
0.008390	5.357385	
0.008400	5.357346	
0.008410	5.357306	
0.008420	5.357265	
0.008430	5.357223	
0.008440	5.357181	
0.008450	5.357140	
0.008460	5.357100	
0.008470	5.357062	
0.008480	5.357026	
0.008490	5.356994	
0.008500	5.356964	
0.008510	5.356939	
0.008520	5.356917	
0.008530	5.356899	
0.008540	5.356886	
0.008550	5.356877	
0.008560	5.356873	
0.008570	5.356873	
0.008580	5.356877	
0.008590	5.356885	
0.008600	5.356897	
0.008610	5.356912	
0.008620	5.356931	
0.008630	5.356952	
0.008640	5.356975	
0.008650	5.357000	
0.008660	5.357027	
0.008670	5.357055	
0.008680	5.357083	
0.008690	5.357111	
0.008700	5.357139	
0.008710	5.357166	
0.008720	5.357192	
0.008730	5.357216	
0.008740	5.357239	
0.008750	5.357259	
0.008760	5.357277	
0.008770	5.357292	
0.008780	5.357304	
0.008790	5.357314	
0.008800	5.357320	
0.008810	5.357324	
0.008820	5.357325	
0.008830	5.357322	
0.008840	5.357318	
0.008850	5.357310	
0.008860	5.357300	
0.008870	5.357288	
0.008880	5.357275	
0.008890	5.357259	
0.008900	5.357242	
0.008910	5.357225	
0.008920	5.357206	
0.008930	5.357187	
0.008940	5.357168	
0.008950	5.357149	
0.008960	5.357131	
0.008970	5.357113	
0.008980	5.357097	
0.008990	5.357082	
0.009000	5.357068	
0.009010	5.357055	
0.009020	5.357045	
0.009030	5.357036	
0.009040	5.357029	
0.009050	5.357024	
0.009060	5.357021	
0.009070	5.357021	
0.009080	5.357022	
0.009090	5.357025	
0.009100	5.357029	
0.009110	5.357035	
0.009120	5.357043	
0.009130	5.357052	
0.009140	5.357062	
0.009150	5.357073	
0.009160	5.357085	
0.009170	5.357098	
0.009180	5.357110	
0.009190	5.357123	
0.009200	5.357136	
0.009210	5.357148	
0.009220	5.357160	
0.009230	5.357171	
0.009240	5.357182	
0.009250	5.357191	
0.009260	5.357200	
0.009270	5.357207	
0.009280	5.357214	
0.009290	5.357218	
0.009300	5.357222	
0.009310	5.357224	
0.009320	5.357225	
0.009330	5.357225	
0.009340	5.357223	
0.009350	5.357220	
0.009360	5.357216	
0.009370	5.357211	
0.009380	5.357205	
0.009390	5.357199	
0.009400	5.357191	
0.009410	5.357183	
0.009420	5.357175	
0.009430	5.357167	
0.009440	5.357158	
0.009450	5.357149	
0.009460	5.357141	
0.009470	5.357133	
0.009480	5.357125	
0.009490	5.357118	
0.009500	5.357111	
0.009510	5.357106	
0.009520	5.357100	
0.009530	5.357096	
0.009540	5.357093	
0.009550	5.357090	
0.009560	5.357088	
0.009570	5.357088	
0.009580	5.357088	
0.009590	5.357089	
0.009600	5.357090	
0.009610	5.357093	
0.009620	5.357096	
0.009630	5.357100	
0.009640	5.357104	
0.009650	5.357109	
0.009660	5.357114	
0.009670	5.357120	
0.009680	5.357126	
0.009690	5.357131	
0.009700	5.357137	
0.009710	5.357143	
0.009720	5.357148	
0.009730	5.357154	
0.009740	5.357159	
0.009750	5.357163	
0.009760	5.357167	
0.009770	5.357171	
0.009780	5.357174	
0.009790	5.357176	
0.009800	5.357178	
0.009810	5.357179	
0.009820	5.357180	
0.009830	5.357180	
0.009840	5.357179	
0.009850	5.357178	
0.009860	5.357177	
0.009870	5.357175	
0.009880	5.357172	
0.009890	5.357169	
0.009900	5.357166	
0.009910	5.357163	
0.009920	5.357159	
0.009930	5.357155	
0.009940	5.357151	
0.009950	5.357148	
0.009960	5.357144	
0.009970	5.357140	
0.009980	5.357136	
0.009990	5.357133	
