  t                         w                         alpha
   0.0000000000000000        0.0000000000000000        0.0000000000000000     
  1.00000000000000002E-003  0.12239619187345104       1.16344089126513755E-004
  2.00000000000000004E-003  0.24177614745270792       4.62755688728811202E-004
  3.00000000000000006E-003  0.35823364365528554       1.03207897607742252E-003
  4.00000000000000008E-003  0.47184023636594713       1.81885599915979318E-003
  5.00000000000000010E-003  0.58266571649496379       2.81776343005586813E-003
  6.00000000000000012E-003  0.69077816619252652       4.02360827716064656E-003
  7.00000000000000015E-003  0.79624400076850121       5.43132468774411726E-003
  8.00000000000000017E-003  0.89912800953879668       7.03597083237514700E-003
  9.00000000000000105E-003  0.99949339565351125       8.83272586701709488E-003
  1.00000000000000002E-002   1.0974018631856803       1.08168832902991278E-002
  1.09999999999999994E-002   1.1929134919758919       1.29838604897919152E-002
  1.20000000000000002E-002   1.2860869587003094       1.53291818799596476E-002
  1.30000000000000011E-002   1.3769795034891210       1.78484814483510362E-002
  1.40000000000000003E-002   1.4656469650907875       2.05375000734324513E-002
  1.49999999999999994E-002   1.5521438151732470       2.33920829082521764E-002
  1.60000000000000003E-002   1.6365231917830769       2.64081768283282066E-002
  1.70000000000000012E-002   1.7188369319831218       2.95818279422025432E-002
  1.80000000000000021E-002   1.7991356319364376       3.29091770085145202E-002
  1.89999999999999995E-002   1.8774685934391000       3.63864635142320675E-002
  2.00000000000000004E-002   1.9538839369949648       4.00100170498310995E-002
  2.10000000000000013E-002   2.0284286050660465       4.37762570613719690E-002
  2.19999999999999987E-002   2.1011483909132971       4.76816906506581095E-002
  2.29999999999999996E-002   2.1720879667311825       5.17229104292607419E-002
  2.40000000000000005E-002   2.2412909110933437       5.58965924250905896E-002
  2.50000000000000014E-002   2.3087997357262329       6.01994940402290346E-002
  2.60000000000000023E-002   2.3746559116271588       6.46284520587637468E-002
  2.69999999999999997E-002   2.4388998945428688       6.91803807034009899E-002
  2.80000000000000006E-002   2.5015711669871381       7.38522684305580740E-002
  2.90000000000000015E-002   2.5627082666609802       7.86411757626005598E-002
  2.99999999999999989E-002   2.6223487479716265       8.35442382229970998E-002
  3.09999999999999998E-002   2.6805292522535531       8.85586609801841673E-002
  3.20000000000000007E-002   2.7372855235138798       9.36817176465795515E-002
  3.30000000000000016E-002   2.7926524303950684       9.89107486033694167E-002
  3.40000000000000024E-002   2.8466639875969877       0.10424315936653239     
  3.50000000000000033E-002   2.8993535179236565       0.10967640822666325     
  3.60000000000000042E-002   2.9507532488972426       0.11520803701739146     
  3.69999999999999982E-002   3.0008947526884771       0.12083563755952414     
  3.79999999999999991E-002   3.0498088286298923       0.12655686062239241     
  3.89999999999999999E-002   3.0975255221345526       0.13236941448081815     
  4.00000000000000008E-002   3.1440741431512071       0.13827106350744064     
  4.10000000000000017E-002   3.1894832841670073       0.14425962679955201     
  4.20000000000000026E-002   3.2337808377707074       0.15033297683945818     
  4.30000000000000035E-002   3.2769940137833502       0.15648903818782833     
  4.39999999999999974E-002   3.3191493559734320       0.16272578620874079     
  4.49999999999999983E-002   3.3602727583595660       0.16904124582618993     
  4.59999999999999992E-002   3.4003894811161173       0.17543349031087882     
  4.70000000000000001E-002   3.4395241660876956       0.18190064009684481     
  4.80000000000000010E-002   3.4777008519259884       0.18844086162689247     
  4.90000000000000019E-002   3.5149429888548256       0.19505236622638242     
  5.00000000000000028E-002   3.5512734530721390       0.20173340900471598     
  5.10000000000000037E-002   3.5867145620435510       0.20848228768881216     
  5.20000000000000046E-002   3.6212882212585851       0.21529733142922144     
  5.29999999999999985E-002   3.6550156694731810       0.22217692023184896     
  5.39999999999999994E-002   3.6879176251844639       0.22911947378553696     
  5.50000000000000003E-002   3.7200142993759266       0.23612345048992034     
  5.60000000000000012E-002   3.7513254079502683       0.24318734650710822     
  5.70000000000000021E-002   3.7818701838575124       0.25030969483660609     
  5.80000000000000029E-002   3.8116673889258879       0.25748906441291169     
  5.90000000000000038E-002   3.8407353254027345       0.26472405922522785     
  5.99999999999999978E-002   3.8690918472125455       0.27201331745875118     
  6.09999999999999987E-002   3.8967548207102882       0.27935547635053920     
  6.19999999999999996E-002   3.9237407782871117       0.28674927488624102     
  6.30000000000000004E-002   3.9500662896686838       0.29419344920380142     
  6.40000000000000013E-002   3.9757475190630021       0.30168676637217773     
  6.50000000000000022E-002   4.0008002350844007       0.30922802363438334     
  6.60000000000000031E-002   4.0252398204346580       0.31681604766905630     
  6.70000000000000040E-002   4.0490812813472354       0.32444969387009709     
  6.80000000000000049E-002   4.0723392568003751       0.33212784564393638     
  6.90000000000000058E-002   4.0950280275047248       0.33984941372400029     
  7.00000000000000067E-002   4.1171615246710411       0.34761333550195056     
  7.10000000000000075E-002   4.1387533385633182       0.35541857437529117     
  7.20000000000000084E-002   4.1598167268426103       0.36326411911094075     
  7.29999999999999954E-002   4.1803646227066524       0.37114898322437906     
  7.39999999999999963E-002   4.2004096428303184       0.37907220437398681     
  7.49999999999999972E-002   4.2199640951117265       0.38703284377020730     
  7.59999999999999981E-002   4.2390399862288106       0.39502998559916713     
  7.69999999999999990E-002   4.2576490290109588       0.40306273646040031     
  7.79999999999999999E-002   4.2758026496302612       0.41113022481833522     
  7.90000000000000008E-002   4.2935119946167539       0.41923160046720237     
  8.00000000000000017E-002   4.3107879377020240       0.42736603400903633     
  8.10000000000000026E-002   4.3276410864953094       0.43553271634445445     
  8.20000000000000034E-002   4.3440817889962364       0.44373085817589453     
  8.30000000000000043E-002   4.3601201399481742       0.45195968952301063     
  8.40000000000000052E-002   4.3757659870361145       0.46021845924992733     
  8.50000000000000061E-002   4.3910289369328854       0.46850643460406322     
  8.60000000000000070E-002   4.4059183611973927       0.47682290076623896     
  8.70000000000000079E-002   4.4204434020285239       0.48516716041179669     
  8.79999999999999949E-002   4.4346129778782490       0.49353853328245934     
  8.89999999999999958E-002   4.4484357883057042       0.50193635581608331     
  8.99999999999999967E-002   4.4619203244644918       0.51035998034673513     
  9.09999999999999976E-002   4.4750748723752398       0.51880877485507582     
  9.19999999999999984E-002   4.4879075148361505       0.52728212282263309     
  9.29999999999999993E-002   4.5004261364112583       0.53577942285132141     
  9.40000000000000002E-002   4.5126384282961416       0.54430008829230592     
  9.50000000000000011E-002   4.5245518930641779       0.55284354688398152     
  9.60000000000000020E-002   4.5361738492962038       0.56140924039884332     
  9.70000000000000029E-002   4.5475114360964843       0.56999662429902909     
  9.80000000000000038E-002   4.5585540502083006       0.57860650735193164     
  9.90000000000000047E-002   4.5693272291172384       0.58723694167623663     
  0.10000000000000001        4.5798375441568275       0.59588742604100797     
  0.10100000000000001        4.5900914064214806       0.60455747143760963     
  0.10200000000000001        4.6000950706735404       0.61324660078169158     
  0.10300000000000001        4.6098546391550821       0.62195434862244536     
  0.10400000000000001        4.6193760653067688       0.63068026085894613     
  0.10500000000000000        4.6286651573960294       0.63942389446341152     
  0.10600000000000000        4.6377275820567876       0.64818481721120913     
  0.10700000000000000        4.6465688677428600       0.65696260741744505     
  0.10800000000000000        4.6551944080971754       0.66575685367997695     
  0.10900000000000000        4.6636094652388351       0.67456715462869199     
  0.11000000000000000        4.6718191729700296       0.68339311868089803     
  0.11100000000000000        4.6798285399047588       0.69223436380267900     
  0.11200000000000000        4.6876424525212741       0.70109051727606897     
  0.11300000000000000        4.6952656781400925       0.70996121547190316     
  0.11400000000000000        4.7027028678293989       0.71884610362820700     
  0.11500000000000000        4.7099585592396096       0.72774483563398906     
  0.11600000000000001        4.7170371793688233       0.73665707381830448     
  0.11700000000000001        4.7239430472608470       0.74558248874446342     
  0.11800000000000001        4.7306803766374292       0.75452075900925508     
  0.11900000000000001        4.7372532784663299       0.76347157104706798     
  0.12000000000000000        4.7436657634667538       0.77243461893878618     
  0.12100000000000000        4.7499217445537232       0.78140960422534622     
  0.12200000000000000        4.7560250392228189       0.79039623572583695     
  0.12300000000000000        4.7619793718768095       0.79939422936003668     
  0.12400000000000000        4.7677883760955266       0.80840330797527771     
  0.12500000000000000        4.7734555968504164       0.81742320117753031     
  0.12600000000000000        4.7789844926650744       0.82645364516660680     
  0.12700000000000000        4.7843784377231211       0.83549438257538278     
  0.12800000000000000        4.7896407239246743       0.84454516231293908     
  0.12900000000000000        4.7947745628926768       0.85360573941152829     
  0.13000000000000000        4.7997830879303214       0.86267587487727149     
  0.13100000000000001        4.8046693559307254       0.87175533554449658     
  0.13200000000000001        4.8094363492400678       0.88084389393362772     
  0.13300000000000001        4.8140869774752844       0.88994132811253845     
  0.13400000000000001        4.8186240792974449       0.89904742156128925     
  0.13500000000000001        4.8230504241418988       0.90816196304015684     
  0.13600000000000001        4.8273687139062380       0.91728474646088731     
  0.13700000000000001        4.8315815845970809       0.92641557076108427     
  0.13800000000000001        4.8356916079367398       0.93555423978166119     
  0.13900000000000001        4.8397012929306884       0.94470056214728271     
  0.14000000000000001        4.8436130873968173       0.95385435114971917     
  0.14100000000000001        4.8474293794574059       0.96301542463404466     
  0.14200000000000002        4.8511524989947201       0.97218360488761502     
  0.14300000000000002        4.8547880480523711       0.98135846461244625     
  0.14400000000000002        4.8583344685035819       0.99054012265524416     
  0.14499999999999999        4.8617939549398432       0.99972841162271819     
  0.14599999999999999        4.8651686476898091        1.0089231682604951     
  0.14699999999999999        4.8684606341631262        1.0181242333506193     
  0.14799999999999999        4.8716719501609553        1.0273314516115921     
  0.14899999999999999        4.8748045811538869        1.0365446716008975     
  0.14999999999999999        4.8778604635284575        1.0457637456199245     
  0.15100000000000000        4.8808414858025442        1.0549885296212624     
  0.15200000000000000        4.8837494898107829        1.0642188831182813     
  0.15300000000000000        4.8865862718606037        1.0734546690969566     
  0.15400000000000000        4.8893535838594921        1.0826957539298865     
  0.15500000000000000        4.8920531344145948        1.0919420072924180     
  0.15600000000000000        4.8946865899048477        1.1011933020808713     
  0.15700000000000000        4.8972555755265885        1.1104495143327848     
  0.15800000000000000        4.8997616763134140        1.1197105231491256     
  0.15900000000000000        4.9022064381305617        1.1289762106184404     
  0.16000000000000000        4.9045913686448648        1.1382464617428754     
  0.16100000000000000        4.9069179382704702        1.1475211643660381     
  0.16200000000000001        4.9091875810913095        1.1568002091026379     
  0.16300000000000001        4.9114016957606168        1.1660834892698737     
  0.16400000000000001        4.9135616463782394        1.1753709008205164     
  0.16500000000000001        4.9156687633461562        1.1846623422776548     
  0.16600000000000001        4.9177243442027994        1.1939577146710569     
  0.16700000000000001        4.9197296544368134        1.2032569214751014     
  0.16800000000000001        4.9216859282804482        1.2125598685482584     
  0.16900000000000001        4.9235943694836006        1.2218664640740529     
  0.17000000000000001        4.9254561520684126        1.2311766185035038     
  0.17100000000000001        4.9272724210652799        1.2404902444989874     
  0.17200000000000001        4.9290456615010472        1.2498071525141474     
  0.17300000000000001        4.9307755788742380        1.2591273650121935     
  0.17400000000000002        4.9324632304696188        1.2684508013483331     
  0.17500000000000002        4.9341096477834654        1.2777773828448002     
  0.17599999999999999        4.9357158371524674        1.2871070327428855     
  0.17699999999999999        4.9372827803671706        1.2964396761561459     
  0.17799999999999999        4.9388114352706349        1.3057752400247418     
  0.17899999999999999        4.9403027363423542        1.3151136530708978     
  0.17999999999999999        4.9417575952680135        1.3244548457554468     
  0.18099999999999999        4.9431769014953675        1.3337987502354263     
  0.18200000000000000        4.9445615227764046        1.3431453003227263     
  0.18300000000000000        4.9459123056966110        1.3524944314437217     
  0.18400000000000000        4.9472300761909827        1.3618460805999093     
  0.18500000000000000        4.9485156400476713        1.3712001863294956     
  0.18600000000000000        4.9497697833992573        1.3805566886699221     
  0.18700000000000000        4.9509932732021529        1.3899155291213001     
  0.18800000000000000        4.9521868577041603        1.3992766506107472     
  0.18900000000000000        4.9533512669007331        1.4086399974575858     
  0.19000000000000000        4.9544872129800499        1.4180055153393945     
  0.19100000000000000        4.9555953907573258        1.4273731512588819     
  0.19200000000000000        4.9566764780985189        1.4367428535115672     
  0.19300000000000000        4.9577311363335506        1.4461145716542616     
  0.19400000000000001        4.9587600106596632        1.4554882564743030     
  0.19500000000000001        4.9597637305347835        1.4648638599595520     
  0.19600000000000001        4.9607429100614260        1.4742413352691075     
  0.19700000000000001        4.9616981483611164        1.4836206367047504     
  0.19800000000000001        4.9626300299397279        1.4930017196830749     
  0.19900000000000001        4.9635391250440088        1.5023845407082965     
  0.20000000000000001        4.9644259900092083        1.5117690573457347     
  0.20100000000000001        4.9652911675983775        1.5211552281959340     
  0.20200000000000001        4.9661351873333821        1.5305430128694142     
  0.20300000000000001        4.9669585658179054        1.5399323719620355     
  0.20400000000000001        4.9677618070523053        1.5493232670309816     
  0.20500000000000002        4.9685454027411682        1.5587156605713000     
  0.20600000000000002        4.9693098325930656        1.5681095159930387     
  0.20700000000000002        4.9700555646131619        1.5775047975989280     
  0.20800000000000002        4.9707830553885906        1.5869014705626123     
  0.20899999999999999        4.9714927503670268        1.5962995009074035     
  0.20999999999999999        4.9721850841282418        1.6056988554855658     
  0.21099999999999999        4.9728604806492527        1.6150995019580927     
  0.21199999999999999        4.9735193535628444        1.6245014087749881     
  0.21299999999999999        4.9741621064098593        1.6339045451560221     
  0.21400000000000000        4.9747891328853937        1.6433088810719541     
  0.21500000000000000        4.9754008170788726        1.6527143872262182     
  0.21600000000000000        4.9759975337082683        1.6621210350370605     
  0.21700000000000000        4.9765796483487694        1.6715287966200956     
  0.21800000000000000        4.9771475176557400        1.6809376447713016     
  0.21900000000000000        4.9777014895823060        1.6903475529504233     
  0.22000000000000000        4.9782419035914458        1.6997584952647942     
  0.22100000000000000        4.9787690908631204        1.7091704464535382     
  0.22200000000000000        4.9792833744965179        1.7185833818721437     
  0.22300000000000000        4.9797850697069439        1.7279972774774439     
  0.22400000000000000        4.9802744840180182        1.7374121098129596     
  0.22500000000000001        4.9807519174494148        1.7468278559945771     
  0.22600000000000001        4.9812176626999713        1.7562444936965831     
  0.22700000000000001        4.9816720053260468        1.7656620011380584     
  0.22800000000000001        4.9821152675343292        1.7750803537425672     
  0.22900000000000001        4.9825478094559239        1.7844995240409736     
  0.23000000000000001        4.9829698903606836        1.7939194922573725     
  0.23100000000000001        4.9833817632480324        1.8033402390941371     
  0.23200000000000001        4.9837836749986062        1.8127617457203544     
  0.23300000000000001        4.9841758665222420        1.8221839937605360     
  0.23400000000000001        4.9845585729023796        1.8316069652836038     
  0.23500000000000001        4.9849320235369721        1.8410306427921439     
  0.23600000000000002        4.9852964422759909        1.8504550092119139     
  0.23700000000000002        4.9856520475556030        1.8598800478816138     
  0.23800000000000002        4.9859990525290998        1.8693057425428965     
  0.23900000000000002        4.9863376651946716        1.8787320773306222     
  0.23999999999999999        4.9866680885200729        1.8881590367633472     
  0.24099999999999999        4.9869905205642961        1.8975866057340496     
  0.24199999999999999        4.9873051545962763        1.9070147695010673     
  0.24299999999999999        4.9876121792107488        1.9164435136792666     
  0.24399999999999999        4.9879117784412870        1.9258728242314174     
  0.24500000000000000        4.9882041318706216        1.9353026874597790     
  0.24600000000000000        4.9884894147382779        1.9447330899978910     
  0.24700000000000000        4.9887677980456200        1.9541640188025602     
  0.24800000000000000        4.9890394486583469        1.9635954611460424     
  0.24900000000000000        4.9893045294065166        1.9730274046084142     
  0.25000000000000000        4.9895631991821441        1.9824598370701267     
  0.25100000000000000        4.9898156130344509        1.9918927467047429     
  0.25200000000000000        4.9900619222627913        2.0013261219718474     
  0.25300000000000000        4.9903022745073544        2.0107599516101295     
  0.25400000000000000        4.9905368138376511        2.0201942246306328     
  0.25500000000000000        4.9907656808388756        2.0296289303101678     
  0.25600000000000001        4.9909890126961782        2.0390640581848873     
  0.25700000000000001        4.9912069432768833        2.0484995980440104     
  0.25800000000000001        4.9914196032107432        2.0579355399237023     
  0.25900000000000001        4.9916271199682267        2.0673718741011062     
  0.26000000000000001        4.9918296179369390        2.0768085910885108     
  0.26100000000000001        4.9920272184961689        2.0862456816276653     
  0.26200000000000001        4.9922200400896601        2.0956831366842281     
  0.26300000000000001        4.9924081982965856        2.1051209474423547     
  0.26400000000000001        4.9925918059008465        2.1145591052994104     
  0.26500000000000001        4.9927709729586649        2.1239976018608160     
  0.26600000000000001        4.9929458068645607        2.1334364289350134     
  0.26700000000000002        4.9931164124157110        2.1428755785285585     
  0.26800000000000002        4.9932828918747862        2.1523150428413289     
  0.26900000000000002        4.9934453450312315        2.1617548142618452     
  0.27000000000000002        4.9936038692610865        2.1711948853627145     
  0.27100000000000002        4.9937585595853573        2.1806352488961736     
  0.27200000000000002        4.9939095087269649        2.1900758977897472     
  0.27300000000000002        4.9940568071663307        2.1995168251420063     
  0.27400000000000002        4.9942005431956122        2.2089580242184348     
  0.27500000000000002        4.9943408029716183        2.2183994884473885     
  0.27600000000000002        4.9944776705674609        2.2278412114161599     
  0.27700000000000002        4.9946112280229462        2.2372831868671317     
  0.27800000000000002        4.9947415553937464        2.2467254086940271     
  0.27900000000000003        4.9948687307993938        2.2561678709382500     
  0.28000000000000003        4.9949928304700988        2.2656105677853113     
  0.28100000000000003        4.9951139287924455        2.2750534935613476     
  0.28200000000000003        4.9952320983539824        2.2844966427297155     
  0.28300000000000003        4.9953474099867288        2.2939400098876770     
  0.28400000000000003        4.9954599328096316        2.3033835897631572     
  0.28500000000000003        4.9955697342700018        2.3128273772115882     
  0.28600000000000003        4.9956768801839351        2.3222713672128221     
  0.28700000000000003        4.9957814347757710        2.3317155548681230     
  0.28800000000000003        4.9958834607165779        2.3411599353972319     
  0.28899999999999998        4.9959830191617334        2.3506045041354993     
  0.28999999999999998        4.9960801697875690        2.3600492565310907     
  0.29099999999999998        4.9961749708271448        2.3694941881422578     
  0.29199999999999998        4.9962674791051587        2.3789392946346739     
  0.29299999999999998        4.9963577500720051        2.3883845717788414     
  0.29399999999999998        4.9964458378370091        2.3978300154475507     
  0.29499999999999998        4.9965317952008643        2.4072756216134077     
  0.29599999999999999        4.9966156736872804        2.4167213863464232     
  0.29699999999999999        4.9966975235738698        2.4261673058116537     
  0.29799999999999999        4.9967773939222777        2.4356133762669030     
  0.29899999999999999        4.9968553326075984        2.4450595940604805     
